ala-dip-data.txt
0
200
20
50
2
2 40 40 1 
       -9.594000e-01         1.672241e-02        -1.411200e+00         1.672241e-02        -5.941384e+00         1.058056e+00 
200
   8.924380e-02   -3.239594e-01    1.186685e-01    1.626059e+00   -3.302017e-01    1.704010e+00    1.077370e+00    1.187538e-02    6.440315e-01    2.394354e+00    2.818341e+00   -1.947268e-01   -1.362891e-01    2.646137e+00   -3.280411e-01    1.838455e+00    4.685908e-01    7.288846e-01    2.713478e-01   -2.541812e-01    1.920594e-01    4.018824e-01   -1.362165e+00    4.810151e-01    6.560615e-01    1.234814e-01    3.445482e-01    1.294086e+00   -1.005535e-01   -1.755687e+00    3.006656e+00   -4.527645e-04    5.700779e-01    3.142667e-01   -2.007223e+00   -4.906686e-01    1.430061e-01    1.144580e-01   -3.370829e-01   -1.779364e+00 
   9.441177e-02   -9.025634e-01    4.250751e-02   -1.124032e+00    5.002268e-01   -1.171753e-01    8.194442e-01    3.148325e-04   -1.437280e-01   -1.106828e+00    4.433696e-03    1.009214e-01   -1.144060e-01    1.104339e+00   -5.709837e-02   -5.369795e-01    4.422165e-02    2.166567e-01    3.069690e-01   -7.203690e-01   -9.359567e-02   -1.813556e-01   -3.930548e-01   -9.491391e-01   -1.477599e-01    8.364608e-02   -1.783520e-01    3.283318e-02    2.464447e-02   -1.310241e+00    1.227829e+00    1.463593e-01    1.987252e-01   -1.571272e-01    8.993871e-01   -1.166915e+00    1.165635e-01    1.036393e-01    5.883998e-01   -2.838820e-02 
   6.114760e-01    2.155442e-01   -1.423210e+00    5.387313e-03   -1.635576e+00    1.280073e+00    9.069159e-01    1.091787e+00   -4.919089e-01   -5.866460e-03   -1.222542e+00    4.522998e-01   -6.945995e-01    1.197744e+00   -8.521300e-01   -6.866209e-01    9.127879e-01   -4.740953e-01   -8.546018e-02   -6.638729e-01   -4.359382e-01   -7.184609e-01   -6.814114e-01   -2.276860e-01    7.197212e-01    4.114800e-01   -3.528357e-01   -8.850353e-01    3.888735e-01   -1.612139e-02   -1.825252e-02    4.907196e-01    6.458407e-01    8.048852e-01    1.005883e+00    4.204883e-02    5.822649e-01    8.963173e-01    1.034152e-01    1.308201e+00 


   1.368853e-02   -3.516663e-02   -2.715116e-02    1.028276e-01   -4.849370e-02   -6.908921e-02   -4.616872e-02   -9.123423e-02   -9.687388e-02    5.307116e-02    1.102382e-03   -8.804681e-02    1.248971e-01    3.745887e-02    7.321205e-03   -5.312130e-02    5.192654e-02   -3.177710e-02    1.609333e-01    1.342131e-02    1.099266e-02   -3.143788e-02   -1.149490e-01    1.089672e-02    2.381792e-01    7.114340e-02    2.943521e-02   -1.125711e-02    1.063930e-01   -7.449192e-02    1.909210e-01    5.822485e-02    1.123733e-01   -5.475424e-02   -8.856109e-02    1.059900e-01    5.099740e-02   -4.644040e-02    2.609282e-02   -7.695671e-02 
   2.651823e-01    1.967707e-01   -3.222272e-01   -7.510702e-02    5.227822e-02   -1.803897e-01   -3.920764e-01   -2.484159e-01   -1.355398e-01   -4.914111e-01   -1.825050e-01   -1.915761e-02   -1.183413e-01    9.335503e-02    1.400725e-01    1.742173e-01   -3.273251e-02   -2.965060e-01   -1.791481e-01   -1.405376e-01    3.089164e-02    1.834287e-01    1.000408e-01   -1.362532e-01   -1.923454e-01    8.209494e-02   -3.800214e-01    2.319163e-01    1.340552e-01    1.148913e-01   -5.084192e-01    2.620237e-01   -5.599281e-02    5.736897e-03    2.077430e-01    4.688379e-02   -8.191569e-03   -5.560561e-01   -2.086462e-01    1.319116e-01 
  -2.486869e-01   -3.517019e-01   -3.093614e-01    1.381680e-02    1.584533e-01    2.646751e-01   -2.785388e-01    1.943566e-01    3.180931e-01   -7.683939e-02   -2.533147e-01    1.819043e-01   -1.322885e-01    2.005708e-01    5.852175e-02    3.317726e-01   -3.051555e-01    7.114259e-02   -2.867316e-02    5.011350e-03    3.967202e-01   -4.152562e-02   -6.187803e-02   -2.130407e-01    3.197064e-02    2.159947e-01   -1.107796e-02   -1.021854e-01    2.678073e-01    4.462117e-02    6.744942e-01    2.520158e-01   -2.101143e-01    5.347557e-02    3.351440e-01    4.063556e-01   -1.681958e-01    1.873991e-01   -5.507632e-02    4.049175e-01 
   2.124171e-01   -1.143646e-01    8.167968e-02    1.146051e-01   -2.632608e-01   -4.773639e-02    4.040678e-01    4.474160e-03    1.123266e-01    2.196386e-01    3.795234e-01    4.287382e-01    1.053247e-01   -3.842727e-01    1.646691e-01   -6.318668e-02    1.487705e-02    1.888714e-01   -1.371169e-01    2.538328e-01    7.731811e-02   -4.214643e-01   -6.270261e-01    5.998038e-01    2.417243e-01    4.488589e-01    2.338109e-02   -2.606206e-01    3.353912e-01    4.339298e-01    5.247247e-01   -7.687948e-01   -4.549520e-01   -3.147357e-01    2.890689e-01    8.856285e-02    2.972261e-01    3.954282e-01    1.910950e-01   -1.284886e-01 
   1.096002e-01   -5.280478e-02   -2.020325e-01   -2.862894e-01   -8.369626e-01   -9.716747e-02   -2.791555e-01    3.399611e-01   -2.474875e-01    4.894029e-01   -3.641518e-01   -2.228517e-01    2.562389e-01    5.855751e-01   -1.583140e-02   -2.955313e-01   -1.182167e+00   -4.491339e-02    2.000908e-01    1.064688e-01   -3.402386e-01   -5.629609e-02   -4.287099e-01   -5.112916e-01    4.013216e-01   -5.856514e-02   -2.751186e-01    8.624507e-02    1.305121e-01   -5.233560e-01    3.179069e-01    8.290325e-01    8.317240e-02    5.760397e-03   -6.953604e-01    2.500225e-01   -1.710810e-01   -4.931247e-01   -5.543986e-02   -1.795646e-01 
  -1.419860e-01    1.408955e-01    3.756787e-01    5.041804e-01    3.446484e-02    1.101453e-02    6.526451e-01   -2.050755e-01    1.349219e-01    3.682090e-02   -1.669486e-02   -1.396925e-01    2.585894e-01    3.174670e-01    2.054903e-01   -1.577271e-01   -1.326167e-02    8.414882e-02    3.808297e-01    4.524085e-01    2.908693e-01   -2.137205e-01   -1.942290e-02   -2.457458e-01    2.844748e-01    3.879071e-01    3.347476e-01    5.796694e-02   -8.708389e-03   -4.556048e-01   -4.740768e-01    5.307675e-01   -2.336317e-01    2.217296e-01   -2.118595e-01    1.855096e-01   -1.457879e-01   -4.095125e-01   -3.006609e-01    2.997049e-01 
  -8.299620e-02   -8.895438e-02   -3.760469e-01    6.722602e-01   -8.395873e-01    1.475746e-02   -6.907101e-01   -1.093670e-02   -1.910289e-01    2.512739e-01   -3.471119e-01   -3.731600e-01    4.389651e-01    6.472305e-01   -2.995324e-01   -1.496677e-01   -7.423863e-01   -1.996595e-02    2.491940e-01   -2.039924e-01   -3.787412e-01    2.012940e-01    4.067789e-01    8.150874e-02    5.260751e-01   -3.526755e-01   -1.935284e-01    4.622674e-01    1.706161e-01   -4.179215e-01    4.659949e-01   -3.126379e-02   -2.522024e-01    4.280390e-02   -5.461074e-01   -2.710881e-01   -3.380425e-02   -8.543815e-01    3.848438e-01    6.094296e-03 
   1.237734e-01    2.501820e-01   -8.730681e-02   -7.765053e-02   -2.775479e-01   -3.592633e-01   -1.437731e-01    3.446822e-01   -5.204365e-01   -1.622297e-01   -1.547038e-01   -5.889231e-01    5.335094e-02    7.409060e-02   -2.956948e-01   -4.430956e-01    1.379210e-01   -1.172042e-01    6.214828e-01    1.687936e-01   -2.084737e-01   -4.878965e-02   -3.117490e-01    1.476796e-02    4.751984e-01    5.500163e-02    6.542357e-02    1.426180e-01    1.124424e-01   -5.718871e-01   -1.294979e-01   -2.992264e-01    6.402752e-01    2.227260e-01   -4.378240e-01   -3.990827e-01   -1.279405e-01   -4.945897e-01    6.426365e-02   -1.667811e-01 
  -2.477786e-01    2.750849e-01   -4.754512e-01   -7.722496e-02    1.173873e-01   -3.395962e-01   -5.693445e-01   -2.742913e-01   -1.027685e-01   -5.673702e-02   -1.369680e-02    1.685448e-02    1.937127e-01    1.733359e-01   -1.659686e-01   -1.024258e-01    1.670536e-01   -3.422031e-02    1.168397e-01   -3.468183e-01    7.835829e-02    1.094904e-01    1.904110e-01   -2.091207e-01   -1.875943e-01   -2.770339e-01   -2.590988e-01   -2.618055e-03   -2.573395e-01   -3.433012e-01   -1.723466e-01    6.221691e-01    4.794508e-01    1.122276e-01    8.578609e-02   -2.823080e-01    1.195759e-02   -2.522418e-01   -3.360543e-01    1.714520e-01 
  -1.228590e-01    9.135225e-02    1.880160e-01   -2.415045e-01   -4.728587e-01    8.380644e-02    1.464036e-01    2.064219e-01   -3.673059e-01    2.982029e-01    3.650147e-01   -1.182484e-01    3.526370e-01   -3.793356e-01    3.755961e-03    2.235934e-02   -7.377555e-02    7.751281e-02    2.912792e-01    1.376311e-01    1.278218e-01    2.030881e-01   -6.955605e-01    1.656928e-01    5.787363e-02    4.394615e-01    6.480093e-02   -2.590026e-02    7.270871e-02    4.834891e-03    3.249370e-01   -1.506913e-01   -1.081756e-01    8.249408e-02   -1.254561e-01    9.221126e-02   -6.611812e-02    3.877941e-01    5.459517e-01   -1.861793e-01 
   1.674194e-01    8.195528e-02    3.345251e-01    2.196840e-02    5.243696e-01    5.328720e-02   -2.289887e-01   -1.060836e-01    4.469754e-01    3.388677e-01   -4.443145e-02    4.721970e-01   -2.600626e-01   -3.769822e-02    3.980478e-02    1.217525e-01    2.051547e-01    2.420369e-01   -2.503443e-01   -6.478161e-02   -1.152363e-01    5.674709e-02   -4.230746e-01    2.755243e-02   -8.115021e-01    3.035144e-01    1.224898e-01   -1.725695e-01    3.670425e-01    5.410907e-01    8.486576e-01   -1.010553e+00   -1.359143e-01   -2.694319e-01    4.416740e-01   -3.821795e-02   -1.522083e-01   -6.361834e-02    5.488741e-01    7.244547e-01 
  -1.004706e-02   -7.066682e-01   -7.486573e-02    2.580513e-02    4.908772e-01    4.341204e-01    8.819560e-02    2.162303e-01    6.748133e-01    8.565465e-02    3.433190e-01    2.139599e-02   -2.477270e-01   -2.819327e-01   -9.754605e-02    2.940555e-01    4.849788e-01    1.350296e-01   -4.007487e-01   -1.002644e-01    2.662529e-01   -3.540998e-01   -4.550012e-01    4.268820e-01   -9.151886e-01   -7.011484e-02    3.469849e-01   -1.590525e-01    5.646964e-01    5.540809e-01    1.295115e-01   -9.244220e-01   -1.776361e-03   -3.760241e-01    7.397799e-01   -1.423637e-01   -1.437937e-02    3.663156e-01    3.170203e-01    7.689564e-01 
  -7.658143e-02    3.428862e-01   -4.947898e-01    4.675899e-01   -1.860188e-01   -1.624066e-03   -2.102010e-01   -1.258898e-01   -5.435955e-02   -5.703894e-02   -3.262689e-01    1.619928e-01    2.555172e-01    3.280386e-01    5.718784e-02   -4.159263e-02   -2.121780e-01   -2.723593e-01   -2.789253e-01   -2.184232e-02   -1.143370e-01   -1.587573e-01    1.829858e-01   -1.766178e-01    2.145981e-01   -2.259627e-01   -4.159908e-01    1.553752e-01   -2.383058e-01    1.828235e-02   -1.280931e-01    4.761028e-01    1.330643e-01    2.583053e-02    4.370919e-02   -1.918712e-01    2.811605e-01   -1.990278e-01   -2.689419e-01   -3.052454e-01 
   1.264897e-01   -2.672935e-01    3.514161e-01   -1.228006e-01    1.344000e-01   -1.173735e-01    3.863014e-01    3.125814e-01   -1.100963e-01    3.723897e-01    1.831730e-01   -5.351828e-02    3.228568e-01   -4.576629e-01   -1.949832e-01   -1.261302e-01   -2.027676e-01    2.648035e-01    2.209668e-01    3.268204e-02   -3.703964e-02    2.297081e-01   -1.279625e-01    3.479334e-01    2.868917e-01    1.265638e-01    2.730873e-01   -4.043636e-01    8.065077e-02    3.097666e-02    3.758361e-01   -4.073112e-01   -2.362318e-01   -2.473815e-01   -2.988308e-01    2.716189e-01   -9.018187e-02    4.651018e-01    3.536801e-01    6.664635e-02 
  -1.839857e-01   -6.293812e-02    2.572344e-02    2.141958e-01    5.477814e-01   -5.074100e-01   -3.922241e-02    3.354116e-01   -5.758906e-01   -2.256242e-02    4.339851e-01   -7.467533e-01    3.120048e-02   -6.777973e-01    2.000421e-01   -1.047078e-01    5.445717e-01   -4.732579e-02    9.721640e-01    3.876062e-01   -4.658544e-01   -2.242518e-01    1.748321e-01   -4.471148e-01    7.647862e-01   -3.548491e-01    3.067366e-01   -6.410583e-01    1.153635e-01   -1.016892e+00    9.790799e-02    7.416224e-02    1.664886e-01    2.423565e-01   -5.342011e-01    1.380852e-01   -1.225227e-01   -6.329662e-01    7.732284e-03   -2.041102e-01 
   2.423176e-01   -9.078091e-02    2.152233e-01   -1.572903e-01   -1.146973e-01   -2.268362e-01    6.167087e-01    1.703930e-01   -2.108714e-01    2.332490e-01    1.904459e-01   -1.764763e-01   -5.939752e-02   -2.587617e-01   -5.294012e-02   -7.176798e-02    1.172791e-01    2.922396e-01    1.862553e-01    4.750122e-01    3.057123e-01   -1.401728e-01   -4.043548e-01    4.982207e-01    5.824601e-02    4.688432e-01    5.099960e-01   -5.319272e-01    2.705945e-02   -2.854333e-01   -1.393872e-01   -4.279548e-01    1.595005e-01   -2.720434e-01   -4.042214e-02    2.865827e-01   -1.756019e-01   -7.169076e-02   -7.498244e-02   -1.934720e-03 
   1.702318e-01   -2.240157e-01    4.621156e-02   -1.245995e-01    5.611094e-01    5.335471e-01    6.401367e-02   -1.016009e-01    3.674010e-01    5.054327e-01   -1.701911e-01    3.403449e-01   -5.510496e-01   -3.056614e-02   -1.542864e-01   -1.043562e-01    1.316676e-01    3.236920e-01   -2.586027e-01    1.238728e-01   -1.126005e-01   -2.159751e-01   -5.194781e-01    4.812249e-01   -7.534359e-01    4.524952e-01   -1.946390e-02   -1.559438e-01    2.052713e-01    6.212550e-01    7.438382e-01   -8.097713e-01    7.947255e-02   -3.486488e-01    6.588046e-01    2.592157e-01    6.367208e-03    2.015738e-01    3.949853e-01    7.332205e-01 
   2.220165e-02    2.494727e-01   -5.690881e-01    1.892537e-03   -4.311340e-01   -3.284780e-01   -4.512252e-01   -1.809387e-01    1.658191e-01    1.127476e-02   -1.269229e-01    4.297842e-02    3.012995e-01    4.442662e-02   -2.217860e-01    1.912349e-01   -3.701459e-01   -1.539467e-01   -2.911225e-01   -4.265783e-01    6.949724e-02    3.811406e-02    5.432225e-01   -2.099556e-01   -1.590790e-01    1.208757e-01   -4.279463e-01    3.335402e-01   -1.905556e-01    3.016047e-01    5.567687e-02    3.034898e-01    2.474551e-01   -1.038575e-02    1.551048e-01    1.072270e-02   -3.998136e-02   -2.165156e-01    9.196909e-02    4.950937e-02 
   5.147196e-02   -2.106360e-01    5.973512e-02   -8.633279e-02   -1.523081e-01    6.218084e-02    4.252244e-01   -1.791884e-01    1.144169e-01    3.454401e-01   -1.284770e-01   -4.539020e-01   -1.999433e-01    4.972390e-02    2.148803e-01   -3.108492e-01    2.733551e-01    1.883869e-01    4.055808e-01    3.028820e-01   -6.745995e-02    2.250389e-01   -5.096085e-01    3.484028e-01   -2.507820e-01    2.377675e-01    3.938666e-02   -1.480471e-01    3.875192e-01   -3.375393e-01    2.280701e-01   -3.700202e-01   -1.163262e-01   -5.096409e-02   -5.995186e-02   -9.254271e-02    2.551286e-01   -1.764420e-01    1.752382e-01    2.557296e-01 
   2.124083e-01    2.284229e-03    1.185849e-01    3.895836e-01   -2.261796e-01   -5.170083e-02    1.419486e-01    1.165512e-01    1.894453e-01   -1.398068e-01   -1.418039e-01   -3.060261e-01    1.280927e-01    3.176213e-02    1.682687e-01   -1.724427e-01   -2.030098e-01   -2.440649e-01    9.960458e-02   -5.347538e-02   -2.684506e-01    1.234924e-01   -2.880996e-02   -2.726950e-01   -3.050617e-02   -1.408465e-01   -1.968003e-01    3.750103e-01   -8.963097e-02    2.512072e-02    1.193476e-01    1.143093e-01    3.255786e-01   -7.195612e-02   -2.324152e-01   -7.747661e-02    1.575226e-01    2.460115e-01    6.559446e-02   -2.987509e-01 
  -1.243107e-01   -3.722393e-01    1.122354e-02   -5.163184e-02   -6.596004e-02    6.060803e-02    7.375995e-02   -1.703674e-01    4.660559e-02    5.121737e-01    1.473266e-01    1.688524e-01    1.209199e-02    4.170048e-01   -2.733169e-02    1.095762e-01    1.824384e-01    1.650978e-02   -1.663472e-01   -1.589480e-01    3.622795e-01   -3.143375e-01    3.273430e-01    7.136785e-02   -3.922219e-02    1.057664e-01   -2.598910e-01    3.425150e-02   -1.009316e-01    2.590512e-01    6.220627e-01   -1.193333e-01    6.793401e-02   -1.023218e-01    4.648404e-03   -8.810576e-03    1.367268e-01    4.737712e-01   -1.543223e-01   -2.591737e-01 
  -7.749105e-03   -3.445708e-01    1.341571e-03   -3.440269e-01    1.462875e-01   -5.639351e-03    1.789464e-01    1.072463e-01   -3.404094e-01    3.388883e-01    2.395031e-01   -4.782760e-01   -4.078935e-02   -4.427261e-01    1.382870e-01    1.752997e-02    4.451118e-02    1.775654e-02    6.760131e-02    2.032723e-01   -1.269636e-01    1.904606e-01   -2.971235e-01    2.380727e-01    5.484157e-02    3.361320e-01    2.125618e-01   -6.597321e-02    3.972408e-02   -1.414729e-04    3.255513e-01   -6.039075e-02    9.270812e-02    3.550192e-02   -1.179836e-01   -1.490390e-01   -1.706903e-01    1.431678e-01    2.322800e-01   -1.824584e-01 
  -1.320928e-01   -2.640155e-01    3.449704e-01    8.334874e-02   -4.986185e-01   -1.703925e-01   -3.089856e-02   -4.473101e-04    3.962691e-03    6.474890e-01    1.542611e-01   -1.035781e-01    4.261474e-01   -2.985829e-01   -1.449380e-01    1.930855e-01    3.815488e-02    9.756678e-02   -9.989791e-03    4.262832e-01   -1.441490e-01    1.754523e-01   -3.755235e-01    4.312436e-01    2.639296e-01    3.819757e-01    2.927520e-01   -1.462992e-01   -4.030997e-03   -2.217292e-01    3.735841e-01   -3.874778e-01   -2.658884e-01    7.357748e-02    6.217000e-02    4.285438e-02    3.248074e-01    4.483109e-01    4.521713e-01   -6.479716e-02 
  -3.289680e-02   -1.949788e-01    7.579749e-01   -5.456076e-01   -3.053067e-01   -3.759402e-01    8.324489e-01    2.462094e-01   -6.505921e-02    5.872023e-02    9.762478e-02   -5.145684e-01    4.086936e-01   -2.336032e-01    4.618798e-02   -1.573319e-01   -1.683470e-01   -1.289545e-01    4.615107e-01    3.159681e-01   -9.218093e-02    2.416340e-01   -2.363174e-02    6.232039e-02    6.105890e-01   -5.628735e-02    4.571994e-01   -5.378520e-01   -1.939331e-01   -7.850358e-01    2.479864e-01   -2.836072e-01    6.030166e-01   -6.206092e-02   -2.752059e-01    2.435449e-01    1.140412e-01   -3.960027e-02    1.261112e-01   -3.297606e-01 
  -1.000623e-01   -6.115524e-03    2.262919e-01   -2.119302e-01    8.463275e-02    8.407699e-02   -1.446640e-01   -3.088508e-01    1.074656e-01    5.528516e-01   -9.466229e-02    4.805144e-01    1.864386e-01    5.285776e-01   -1.755531e-01    2.281887e-01   -4.065440e-01    8.440768e-02   -3.812561e-01    2.254315e-01    1.199464e-02   -5.367781e-03   -1.254248e-01   -4.656990e-01   -2.183669e-02   -2.599015e-02    1.678259e-01   -5.249585e-02    6.431795e-02   -1.130946e-01    8.240315e-01    2.660363e-01    1.807686e-02   -1.607972e-01   -1.461879e-01    1.834032e-01    6.937176e-02    3.035897e-01   -7.405930e-02   -9.838011e-02 
   1.421289e-01    3.752884e-03   -1.391363e-01   -3.115361e-02   -2.580442e-01    1.477243e-01   -7.696173e-01   -4.027503e-01   -1.033567e-01    5.457151e-02   -4.456675e-01    8.470288e-02    3.178416e-02    5.392511e-01    1.113556e-01   -1.312219e-02   -3.143153e-01   -8.983991e-02    9.157258e-02   -2.207446e-01   -8.912467e-02    2.564093e-01    4.467874e-01    1.780781e-02   -3.043749e-01   -2.751488e-01   -5.606533e-01    4.541905e-01    2.380712e-01   -7.140390e-02   -3.064823e-01    2.142135e-01    7.860326e-02    1.385259e-01   -7.770819e-02   -5.698390e-03    4.966384e-02   -3.480189e-01   -1.503183e-01    1.110570e-01 
  -9.079884e-02    1.402347e-02   -5.050472e-01    4.059730e-01   -1.607101e-01    4.212485e-02   -5.996190e-01   -2.341441e-01   -2.298004e-01   -8.614782e-02   -4.815142e-02    4.049302e-02    2.236335e-01    1.836816e-01   -3.117686e-01    2.421281e-01   -4.991903e-02    8.397645e-02   -2.250617e-02   -3.796688e-01    1.167184e-01    4.738658e-02    1.855537e-01   -3.779290e-01   -2.709618e-01    1.479976e-01   -1.724699e-01    1.781132e-01   -1.739068e-01   -4.737063e-03   -3.983982e-01    2.879892e-01   -2.050548e-02   -2.670115e-01   -2.726357e-03    1.607632e-01    1.249346e-01   -2.640356e-01   -4.292123e-02   -1.647720e-01 
   1.466102e-01   -1.150104e-01    1.965643e-01    4.649995e-02    2.898520e-01    1.134290e-01   -1.958118e-01   -8.741633e-02   -6.036584e-02    2.703048e-01   -8.889256e-03   -2.217395e-01   -2.923042e-01    2.845181e-01   -1.807537e-01   -1.482463e-01    7.219355e-02    2.214491e-01    1.180854e-01    1.265724e-01    2.108674e-01   -7.391268e-04   -1.644320e-01   -1.027305e-01   -2.017328e-02    1.224270e-01    9.221105e-02    2.813029e-01    1.475592e-01    3.093298e-03    2.742916e-01   -2.183726e-01    3.166213e-01    2.055052e-01    1.719712e-02    2.581098e-01    4.383453e-02    1.279898e-01    1.625965e-01    2.241072e-01 
  -1.665563e-01    2.553447e-01    3.168519e-01   -1.879960e-01   -3.112944e-01    5.514805e-02    1.018174e-01   -1.498365e-01   -1.952101e-01    4.041230e-01    3.252916e-01   -7.029886e-01    6.111049e-01   -4.888830e-01   -2.362612e-01   -2.324040e-01   -2.586528e-01    8.264364e-02    4.575422e-02    4.291286e-01   -3.035478e-01   -1.708887e-01   -6.769223e-01    5.147929e-01    4.783363e-01    3.357718e-01    3.182121e-01   -3.929522e-01   -1.458836e-01   -4.563349e-01    6.134663e-01   -1.564075e-01   -2.515005e-01   -1.338657e-01   -3.837285e-01    1.999991e-01    3.441194e-01    1.274208e-01    5.403596e-01   -1.660503e-01 
   1.119992e-01    1.116024e-01   -2.144736e-01    1.630239e-01   -2.061691e-01   -1.915669e-01   -8.322414e-04    1.713063e-03   -3.258131e-01   -1.437342e-01   -4.166618e-02   -2.696607e-01    7.825814e-02    8.754987e-02    8.163239e-02   -2.305190e-01   -3.471760e-01   -1.575736e-01   -3.858193e-02   -2.190062e-01   -1.385948e-01    2.205972e-01   -5.088657e-02   -1.127318e-01   -6.954761e-02    6.800610e-03   -2.986896e-01   -1.121680e-01    1.393962e-01    2.003731e-01   -1.358161e-01    1.883000e-02   -2.143474e-01    1.033316e-01    3.792640e-02    6.077633e-02    1.829898e-01   -1.793904e-01   -2.949644e-01   -1.464657e-01 
  -7.780125e-02   -1.314154e-01   -9.086068e-02    4.292782e-01   -1.921105e-01    6.240791e-01   -1.673983e-01    2.405111e-01    9.693492e-02    1.334119e-01    1.225851e-01    8.620242e-01   -7.103295e-02    3.052392e-01    8.321953e-02    1.704405e-01    9.498217e-03    1.465513e-01   -2.722452e-01   -7.605166e-01    3.442037e-02   -2.954237e-01    5.218484e-01   -5.007660e-02   -3.529409e-02    1.601650e-01   -8.344708e-02    3.892353e-01    1.373562e-01    6.616074e-01    5.320530e-01    2.537982e-01   -5.053980e-01   -2.051677e-01    4.253014e-01    4.256409e-01   -1.868631e-01    2.016280e-01   -1.754388e-01   -5.127125e-02 
  -7.691740e-02   -1.154808e-01   -5.143683e-01    9.402321e-01    2.827932e-01    2.333229e-01   -5.875348e-01   -3.377009e-01    5.817152e-01   -4.951423e-01   -1.160530e-01    2.861964e-01    2.525813e-01    8.423738e-01   -5.343992e-02    2.109837e-01    1.665745e-01    2.764112e-01   -1.167926e-01   -5.413451e-01    1.733809e-01   -2.224423e-01   -1.916787e-01   -2.891736e-02   -5.410634e-01   -2.294610e-02   -6.551848e-01    3.907012e-01   -1.422491e-01    8.559421e-01    4.034079e-02    8.854724e-02   -5.332001e-01   -2.860933e-01    1.951900e-01   -7.605251e-03   -1.074123e-01   -5.608263e-01   -2.041904e-01    6.432750e-01 
  -1.936015e-01    3.215471e-01   -4.864453e-01   -4.743006e-02    1.559381e-01   -2.191740e-01   -3.617023e-01   -2.667175e-01    2.495587e-01    9.747805e-02   -1.644693e-01    9.692346e-02    8.115277e-02    2.081867e-01    4.257981e-02   -2.399106e-01   -5.983992e-03    1.446470e-01   -1.577443e-01   -1.113931e-01    4.003673e-02   -2.141676e-01    5.664579e-01   -2.719866e-02   -2.110446e-01   -3.350421e-01   -3.553084e-01    1.336940e-01   -1.760829e-01    7.224614e-02   -1.573869e-01    2.429881e-01    2.871073e-02   -2.137733e-01   -6.338683e-02    2.819492e-01   -7.608672e-02   -9.647322e-02   -3.731830e-01   -3.312123e-01 
  -1.235459e-02    9.861860e-02   -4.680121e-01    4.437502e-01    1.519409e-01    3.002205e-01   -3.486485e-01   -2.153733e-01    3.205481e-01   -3.542065e-01   -3.239655e-01    1.089306e-01    3.235171e-01    6.276021e-02   -3.013731e-01    2.235179e-01   -3.195420e-01    2.343505e-01   -1.781555e-01   -3.263973e-01   -7.906672e-02   -2.702858e-03    1.680756e-01   -1.547427e-03   -3.064226e-01    9.283622e-02   -2.096213e-01    3.650728e-01   -1.666454e-01    5.021518e-01    1.088584e-02    2.068740e-01   -2.097006e-01    2.153388e-01    1.688874e-02   -2.505485e-01    1.214797e-01    7.888312e-02   -3.327264e-01   -1.468464e-01 
   2.283979e-01    8.930313e-02   -2.682505e-01    1.250477e-01   -2.120810e-01   -1.014143e-01   -4.180291e-01   -2.804580e-01   -2.061526e-02    3.416147e-02   -2.383689e-01    2.379124e-01   -8.302858e-02    4.286839e-01   -1.303075e-01   -1.172890e-01   -2.358956e-01    4.836051e-02    1.807078e-01   -3.041404e-01   -1.442999e-01    1.383274e-02    3.516468e-01   -3.907255e-01   -1.772967e-01   -4.028509e-01   -5.232339e-01    2.598182e-01   -2.916911e-03   -1.210770e-01    2.186952e-01    1.010245e-01    1.243244e-01   -3.155835e-02    8.135529e-02    2.222869e-02    2.728490e-01   -1.484074e-01    4.726378e-02   -2.920838e-01 
   2.657504e-01   -4.230286e-01    2.233653e-01    1.858056e-01    4.072855e-01    3.822608e-01   -1.151630e-01    5.375549e-02    2.465998e-01   -8.608776e-01   -2.420605e-01    3.254019e-01   -3.216384e-01    1.135740e-01   -2.214267e-01   -1.904491e-01    5.895277e-01   -2.428022e-01    4.817468e-02   -2.121349e-01   -2.054446e-01   -5.676147e-02    1.513174e-01    3.571288e-01    1.563623e-01    3.941983e-03   -1.486917e-01   -9.213259e-03    8.584671e-02    5.937978e-01   -1.021115e+00   -8.483799e-01   -2.759125e-01   -1.558544e-01    6.380812e-01   -1.789002e-01   -1.056976e-01   -3.093614e-01   -7.131860e-01    1.435123e-01 
   1.819514e-01   -4.861010e-02   -1.413202e-01    1.042306e-01   -2.527489e-01   -4.145482e-01    7.231582e-02    3.278376e-01   -4.011526e-01    1.506131e-01    7.952609e-02   -5.260095e-01   -5.950950e-02    4.248060e-01   -1.862347e-01   -3.777924e-04   -2.061020e-01   -1.224583e-01    3.413711e-01   -3.514476e-02    2.750173e-01    3.283760e-01    6.674763e-01   -5.060629e-01    1.026387e+00   -2.633094e-01   -9.797377e-03   -2.772867e-01    2.832814e-01   -9.447990e-01    1.070541e+00    4.782143e-01    7.444092e-01   -1.536543e-01   -8.441697e-01    1.667735e-01   -4.112950e-03   -1.007173e-01    3.013790e-01   -3.263705e-01 
   8.332455e-02    2.996343e-02   -2.866440e-01    1.179539e-01   -1.937250e-01    1.628628e-01   -5.199261e-01   -3.933346e-01    3.042198e-01   -3.333988e-01   -2.970876e-01    2.177104e-01   -2.046396e-01    7.148245e-02    1.285759e-01   -2.701049e-01   -1.989499e-01    1.378995e-01   -2.922014e-01   -2.992557e-01    2.260890e-01    7.329733e-02    1.790970e-01    7.790818e-02    1.163652e-01    1.651152e-02   -1.098221e-01    4.115058e-01    1.054843e-01    9.077200e-02   -3.067995e-01    9.511048e-02    2.293065e-01    9.067589e-02    2.686215e-01   -2.605221e-01   -1.127591e-01   -4.359978e-02   -5.305539e-02    2.120814e-01 
  -2.291620e-01   -1.701863e-01   -4.023262e-01    3.677640e-01   -2.145876e-01   -2.826536e-01   -3.509230e-01   -3.395811e-01   -3.064493e-01   -2.607118e-01   -2.827210e-01    1.935785e-01   -2.217452e-01    4.443953e-01    2.274468e-02    8.073076e-02    4.692997e-02    2.297142e-01    2.677576e-01   -4.650587e-01   -1.221894e-01    2.708281e-01    1.747982e-01   -4.621929e-01   -2.416924e-01   -4.534148e-01   -3.714974e-02    2.872156e-01    1.541335e-01    1.276706e-01   -2.958194e-01    4.396069e-01    2.075449e-01    1.466454e-01    2.875624e-02   -9.367636e-02    6.548260e-02   -4.747055e-01   -2.463860e-01    1.145357e-01 
   1.237241e-01    2.643518e-01   -1.535098e-01    2.855657e-01    1.438529e-01    3.221146e-02    6.256816e-02   -3.697370e-01   -2.435780e-03   -4.850126e-01    2.094260e-01   -5.392209e-01   -7.901353e-02   -3.337085e-01   -2.098188e-01   -1.694015e-01   -1.562656e-02   -3.325125e-01    3.811826e-01    1.820101e-01   -5.619072e-02    2.825460e-01   -7.842689e-04    2.977847e-01    1.692294e-01    2.097822e-01   -4.714264e-02   -2.709883e-01   -3.133325e-01    3.152190e-02   -5.463416e-01   -1.160556e-01    1.055119e-01    1.301537e-01   -2.804221e-01   -3.692801e-01    1.512270e-01   -1.080844e-01   -3.363726e-01   -3.580056e-01 
   6.076750e-02    1.017140e-01   -2.697085e-02    5.990567e-02    7.011534e-01    1.646144e-01    2.028967e-01    1.679745e-01    3.521486e-02   -4.292671e-01   -9.631609e-03    6.410700e-01   -5.543653e-01    1.198141e-01    1.385731e-01    9.964311e-02    3.606270e-01    1.727400e-01   -2.197183e-01   -1.255545e-01    4.507317e-02    1.126233e-01    1.864548e-01   -1.397428e-01    1.603588e-01    3.241215e-01   -2.217515e-01    2.571716e-01    5.401327e-02    8.455500e-01   -7.571608e-01   -1.047777e+00   -2.585718e-02   -4.636442e-02    3.199180e-01   -2.049306e-01   -2.446869e-01   -3.778909e-01   -4.462431e-01    9.408597e-02 


  -2.431845e-01 
  -1.028091e-02 
  -1.204196e+00 
  -1.363631e+00 
   1.351050e+00 
   1.630987e+00 
   1.282081e+00 
  -1.789842e+00 
  -1.136402e+00 
   1.419879e+00 
  -1.291843e+00 
  -6.505741e-01 
   1.895740e+00 
  -1.235802e+00 
   1.702160e+00 
   3.532490e-01 
   6.304686e-01 
   1.500606e+00 
   6.223165e-01 
  -1.636454e+00 
  -1.433331e+00 
   6.507214e-01 
  -7.108472e-01 
  -2.749708e+00 
   1.829812e+00 
  -2.282894e+00 
   1.284165e+00 
  -1.335894e+00 
   1.319297e+00 
   7.816597e-01 
   2.582748e+00 
  -1.947693e+00 
  -2.805778e+00 
  -1.614030e+00 
  -6.817700e-01 
   2.017613e+00 
   7.780704e-01 
  -4.357734e-01 
   1.981828e+00 
  -1.192546e+00 
   1.506205e+00 


