0.242
0.139
0.361
0.369
0.262
0.369
0.357
0.273
0.106
0.281
0.178
0.271
0.298
0.206
0.223
0.173
0.4
0.182
0.348
0.279
0.373
0.349
0.433
0.363
0.39
0.268
0.282
0.399
0.252
0.39
0.298
0.416
0.367
0.329
0.374
0.392
0.182
0.402
0.331
0.404
0.209
0.147
0.231
0.29
0.294
0.239
0.268
0.36
0.26
0.344
0.337
0.351
0.277
0.287
0.255
0.166
0.412
0.264
0.188
0.356
0.201
0.284
0.189
0.204
0.399
0.256
0.31
0.179
0.312
0.37
0.445
0.21
0.397
0.189
0.238
0.369
0.337
0.44
0.212
0.236
0.266
0.281
0.193
0.304
0.361
0.195
0.15
0.439
0.345
0.237
0.391
0.384
0.41
0.359
0.348
0.328
0.405
0.22
