0.8070000000000001
0.544
1.195
1.133
0.723
1.209
0.847
0.727
0.58
0.8159999999999999
0.728
0.734
1.099
0.802
0.702
0.492
1.15
0.858
1.204
0.72
1.112
1.209
1.205
0.991
1.237
1.187
1.24
0.823
0.78
1.057
0.983
1.236
0.945
0.882
1.114
0.957
0.803
0.981
0.967
1.137
0.723
0.525
0.471
0.447
1.045
0.628
1.175
0.903
0.835
0.956
1.215
0.998
0.864
0.582
0.713
0.448
1.181
0.477
0.49
0.826
0.494
0.853
0.556
0.549
1.095
0.743
0.715
0.477
0.8
0.974
1.286
0.547
1.35
0.378
0.6870000000000001
0.88
1.258
0.9379999999999999
0.673
0.805
0.48
0.9409999999999999
0.6909999999999999
0.999
1.308
0.418
0.511
1.035
1.014
0.794
0.923
0.897
0.875
0.869
1.406
0.948
1.204
0.6870000000000001
