0.352
0.193
0.787
0.419
0.225
0.655
0.249
0.37
0.129
0.348
0.134
0.572
0.338
0.3
0.287
0.242
0.527
0.235
0.338
0.317
0.336
0.674
0.671
0.455
0.548
0.243
0.534
0.38
0.406
0.55
0.5659999999999999
0.414
0.433
0.394
0.476
0.781
0.22
0.204
0.535
0.734
0.162
0.184
0.036
0.065
0.376
0.331
0.493
0.538
0.404
0.285
0.526
0.415
0.611
0.154
0.339
0.051
0.752
0.184
0.219
0.38
0.189
0.377
0.191
0.225
0.542
0.298
0.357
0.108
0.249
0.491
0.468
0.151
0.424
0.079
0.111
0.501
0.697
0.716
0.166
0.301
0.11
0.268
0.305
0.487
0.643
0.089
0.113
0.506
0.406
0.454
0.65
0.63
0.446
0.553
0.519
0.529
0.792
0.209
