88.2 -173.4 -6.97289697647 
119.4 -143.4 -8.05869748756 
97.8 -22.2 -3.74169877139 
69.0 -117.0 -8.30164042323 
47.4 -79.8 -9.18550931332 
-178.2 -126.6 -9.14619672364 
-113.4 -162.6 -7.23033021606 
133.8 57.0 -3.01404252391 
-9.0 149.4 -5.63579820336 
82.2 178.2 -6.69176320346 
145.8 -157.8 -9.02130805488 
-41.4 -97.8 -7.63534887621 
136.2 40.2 -2.16261796609 
67.8 114.6 -2.91325364016 
-27.0 173.4 -7.08053276233 
-153.0 29.4 -4.53433709295 
-13.8 -94.2 -8.22949920822 
-168.6 -151.8 -9.18002652946 
-109.8 139.8 -6.33307259879 
-69.0 -54.6 -6.20121128906 
-132.6 -51.0 -3.06116116179 
-78.6 -174.6 -7.66652119525 
173.4 88.2 -5.52307824291 
117.0 -143.4 -7.98698780151 
-87.0 169.8 -7.35127237558 
45.0 77.4 -4.343721885 
77.4 84.6 -2.84316243344 
-36.6 124.2 -6.42807114443 
9.0 179.4 -6.06275091565 
125.4 115.8 -3.78571310972 
-150.6 -34.2 -1.48269977948 
-119.4 -157.8 -7.27468300022 
81.0 -12.6 -3.54781745314 
16.2 -126.6 -7.61742746983 
-114.6 -72.6 -5.21654132511 
54.6 60.6 -4.73636468253 
111.0 -31.8 -4.5173972003 
118.2 -137.4 -8.04584349162 
25.8 -108.6 -8.22367256492 
-75.0 39.0 -7.31163343662 
31.8 138.6 -4.05988173463 
-43.8 -139.8 -7.47002356032 
-96.6 35.4 -6.30507734935 
-4.2 64.2 -6.95262528538 
-138.6 -42.6 -2.09263896211 
49.8 105.0 -2.93458902801 
83.4 -64.2 -8.08964211242 
-15.0 148.2 -5.94123870191 
24.6 48.6 -6.21013049013 
121.8 -89.4 -8.42872110934 
-30.6 -29.4 -5.74330508231 
11.4 -153.0 -6.96687337309 
167.4 -73.8 -8.40230575214 
-177.0 -39.0 -4.17133857267 
43.8 -77.4 -9.07885444438 
49.8 151.8 -5.3713540596 
-114.6 -175.8 -7.22945783108 
57.0 -76.2 -9.14326782566 
11.4 103.8 -4.58776786071 
-155.4 -45.0 -3.47995782015 
-61.8 -124.2 -7.30551293757 
-114.6 -165.0 -7.24577024189 
-55.8 -51.0 -6.71541785187 
125.4 -51.0 -6.41751167444 
139.8 168.6 -7.79246687919 
-46.2 -36.6 -6.22564629594 
-105.0 82.2 -6.44496535702 
95.4 125.4 -3.48647857789 
-148.2 -143.4 -8.20484784545 
43.8 -11.4 -3.82926171158 
-108.6 -95.4 -6.32939749857 
16.2 7.8 -4.3155392004 
-7.8 -127.8 -7.18416340019 
-17.4 -149.4 -6.87612307349 
-121.8 -135.0 -6.98046656559 
7.8 -145.8 -7.05105468921 
54.6 112.2 -2.90862246415 
173.4 -103.8 -9.01328876645 
-72.6 101.4 -7.05355600751 
173.4 -70.2 -8.05658435048 
-107.4 119.4 -5.70831681602 
64.2 -59.4 -7.94305004086 
-27.0 119.4 -6.09524360203 
-103.8 -144.6 -7.00654755915 
153.0 -153.0 -9.2810704678 
-132.6 -78.6 -6.1191671476 
154.2 -28.2 -3.77079955158 
69.0 58.2 -3.98432868572 
-139.8 -162.6 -7.92665497347 
-148.2 -91.8 -7.49713451741 
83.4 -148.2 -7.45612507508 
114.6 172.2 -6.88223605264 
-12.6 159.0 -6.05211408221 
-31.8 103.8 -6.73680053396 
159.0 1.8 -0.683821045163 
-45.0 91.8 -7.65796363118 
9.0 -29.4 -5.03727302293 
78.6 162.6 -5.99820216823 
-83.4 78.6 -7.5875605016 
-31.8 -85.8 -8.12140681528 
150.6 -81.0 -8.67277943121 
179.4 -85.8 -8.72703513461 
42.6 23.4 -4.82331178896 
129.0 51.0 -2.56175320338 
-88.2 33.0 -6.46292686509 
39.0 -111.0 -8.34162790717 
169.8 81.0 -5.47627924217 
-117.0 109.8 -5.50918404501 
119.4 100.2 -3.03327169962 
-136.2 -93.0 -6.93391018121 
125.4 171.0 -7.24480921415 
28.2 125.4 -3.48972041202 
77.4 -29.4 -4.62363818849 
5.4 166.2 -5.54556080942 
-5.4 -143.4 -6.87347649523 
-114.6 57.0 -6.74405645198 
-102.6 67.8 -7.03878713372 
102.6 -138.6 -7.73190426635 
136.2 -157.8 -8.65611515586 
137.4 168.6 -7.68091387665 
-59.4 84.6 -8.09791597453 
117.0 120.6 -3.69949222417 
-177.0 149.4 -7.87441134135 
105.0 -137.4 -7.77672055132 
171.0 129.0 -6.47606531928 
101.4 -89.4 -8.53782200925 
-71.4 -84.6 -6.9807923163 
-70.2 -48.6 -5.82220454425 
43.8 -106.2 -8.60267973514 
84.6 40.2 -3.32326020313 
-113.4 -51.0 -3.18685287879 
-61.8 -145.8 -7.72922457905 
-124.2 11.4 -3.03398052448 
0.6 -166.2 -6.50869412798 
-23.4 149.4 -6.3980493435 
-85.8 -12.6 -3.56289482893 
-177.0 -82.2 -8.51309560954 
61.8 -30.6 -4.87904835094 
-130.2 -63.0 -4.53506262819 
172.2 -1.8 -0.522003133573 
-64.2 88.2 -7.89254890522 
-127.8 -87.0 -6.40411960245 
-94.2 -52.2 -4.46570398255 
100.2 59.4 -2.60306532117 
157.8 159.0 -8.04193656319 
153.0 15.0 -0.802224010253 
-19.8 -54.6 -7.45697679395 
103.8 154.2 -5.58629343047 
-103.8 -179.4 -7.2284329204 
-136.2 -13.8 -0.440877864893 
132.6 -125.4 -8.46039744828 
156.6 6.6 -0.628470646443 
-103.8 -84.6 -6.01824529411 
88.2 179.4 -6.74173022059 
9.0 115.8 -4.3550415781 
94.2 33.0 -2.77952078884 
-19.8 141.0 -6.01707542224 
99.0 -108.6 -8.15850634056 
161.4 -52.2 -6.57974538399 
67.8 90.6 -2.85451105208 
87.0 -160.2 -7.26456034049 
-95.4 124.2 -6.05275235447 
-135.0 -159.0 -7.72259615753 
130.2 -94.2 -8.53906765006 
-109.8 -144.6 -7.00198948661 
-75.0 172.2 -7.59883938951 
-48.6 -60.6 -7.42115109427 
-28.2 132.6 -6.1947837805 
47.4 -82.2 -9.22107544912 
-5.4 29.4 -6.07147338916 
0.6 13.8 -4.87456800086 
-90.6 169.8 -7.29014243457 
-5.4 -30.6 -5.35509758087 
-81.0 73.8 -7.82475849078 
88.2 -171.0 -7.03766117223 
17.4 130.2 -3.92593473861 
36.6 55.8 -5.76930809693 
-4.2 126.6 -4.99686791724 
10.2 99.0 -4.86113993901 
-28.2 -24.6 -5.41971048392 
40.2 23.4 -4.86468755762 
-41.4 91.8 -7.57013823748 
-159.0 73.8 -6.29541519338 
-34.2 45.0 -7.6614316804 
-165.0 -11.4 -0.188812108713 
4.2 177.0 -5.98010881415 
119.4 -12.6 -2.67641459912 
-136.2 130.2 -6.17866667502 
71.4 12.6 -3.63644344588 
-48.6 -136.2 -7.47004912427 
168.6 -160.2 -9.47188215692 
51.0 156.6 -5.70753693295 
130.2 -17.4 -2.94094906073 
-171.0 165.0 -8.57317427317 
-113.4 16.2 -3.88959710517 
-173.4 -94.2 -8.68300638484 
-124.2 -157.8 -7.37248819739 
-59.4 -147.0 -7.76856502643 
71.4 -173.4 -6.96255147331 
-160.2 -71.4 -7.11790877693 
-175.8 49.8 -5.67074334602 
139.8 -93.0 -8.70699950334 
77.4 -160.2 -7.23998700144 
126.6 -114.6 -8.34316054289 
-3.0 -16.2 -4.4998769485 
-9.0 70.2 -7.03660342572 
6.6 153.0 -5.01076760747 
162.6 58.2 -4.83726123957 
162.6 153.0 -7.83535048337 
67.8 -127.8 -7.93654616428 
-4.2 -15.0 -4.47829832139 
-89.4 60.6 -7.585781714 
-114.6 -9.0 -1.64056310766 
69.0 -115.8 -8.34688392413 
-156.6 -13.8 -0.055668601743 
-87.0 154.2 -7.01947103836 
28.2 -132.6 -7.64444261363 
-118.2 39.0 -5.93425826489 
163.8 -89.4 -8.96002626792 
82.2 -60.6 -7.80027806258 
81.0 40.2 -3.54230055589 
135.0 84.6 -3.48570085373 
57.0 105.0 -2.80473703656 
-173.4 19.8 -2.51348485158 
166.2 103.8 -5.22808463597 
82.2 -42.6 -5.86014486946 
154.2 -33.0 -4.36134418261 
-145.8 102.6 -5.72159601242 
-45.0 -137.4 -7.43782417271 
33.0 130.2 -3.59885432839 
109.8 43.8 -2.21683017258 
43.8 25.8 -4.93689982495 
93.0 52.2 -2.82668211292 
-6.6 157.8 -5.70463258641 
0.6 58.2 -6.84544102146 
-28.2 -77.4 -8.27192352245 
1.8 -37.8 -5.78777458511 
-58.2 -165.0 -7.96508817909 
29.4 -41.4 -5.98812770384 
136.2 -136.2 -8.63021047496 
120.6 178.2 -7.37291255039 
36.6 57.0 -5.73810925019 
-156.6 67.8 -6.41963178375 
123.0 31.8 -1.64911012257 
95.4 70.2 -2.68092367823 
-43.8 34.2 -7.14672731657 
-151.8 174.6 -8.26272291224 
174.6 126.6 -6.37479914703 
127.8 -34.2 -4.70404248792 
57.0 -83.4 -9.29760419653 
-132.6 28.2 -4.73117075954 
-28.2 123.0 -6.12054500615 
-99.0 77.4 -6.89929574425 
159.0 175.8 -8.82727408717 
47.4 -163.8 -7.17834513894 
-19.8 -5.4 -4.6393203247 
59.4 -171.0 -7.03671695016 
63.0 -106.2 -8.75435717177 
144.6 33.0 -1.88371205076 
24.6 83.4 -4.98381481377 
-108.6 156.6 -6.86404785925 
-148.2 -70.2 -6.32318894107 
-107.4 7.8 -3.26825207676 
51.0 151.8 -5.38875415547 
-171.0 -83.4 -8.3568741571 
-23.4 136.2 -6.06949232429 
-108.6 -132.6 -6.75624671925 
39.0 143.4 -4.51664450189 
111.0 -154.2 -7.73492289453 
-129.0 -153.0 -7.47501205628 
-108.6 -109.8 -6.46439442788 
-161.4 -18.6 -0.404139295733 
160.2 -76.2 -8.56203650046 
89.4 121.8 -3.22605112771 
-102.6 -97.8 -6.37448054041 
10.2 159.0 -5.17602544904 
153.0 156.6 -7.72719386204 
-17.4 -21.0 -5.01584354134 
-45.0 89.4 -7.76070767753 
39.0 -12.6 -3.90359196312 
-73.8 -117.0 -7.09203568861 
-135.0 -177.0 -7.66561810945 
172.2 101.4 -5.38638446276 
73.8 52.2 -3.85016618981 
17.4 -63.0 -7.95646516263 
147.0 -157.8 -9.06128318214 
-13.8 -100.2 -8.01939943426 
-151.8 54.6 -6.36345793771 
169.8 25.8 -2.39887544534 
113.4 147.0 -5.37268776272 
95.4 -60.6 -7.48247531688 
-109.8 163.8 -7.0147466457 
-167.4 163.8 -8.44596596304 
-125.4 -24.6 -0.819355968273 
89.4 10.2 -2.90229124377 
-142.2 -43.8 -2.42317289759 
-24.6 108.6 -6.24431471526 
11.4 -165.0 -6.64290676855 
-0.6 -105.0 -8.03579377859 
-142.2 145.8 -6.97076056149 
48.6 124.2 -3.36661405735 
-171.0 -84.6 -8.40068923395 
-111.0 21.0 -4.47986449353 
-65.4 -127.8 -7.34168697333 
39.0 -59.4 -7.89707431455 
-15.0 36.6 -6.75622943541 
81.0 11.4 -3.26368213752 
167.4 127.8 -6.32352444157 
-165.0 165.0 -8.4332396945 
-6.6 -95.4 -8.29075412251 
-157.8 -178.2 -8.66364573355 
-160.2 18.6 -2.93630847464 
-177.0 -57.0 -6.44234232216 
-59.4 10.2 -5.42586213127 
61.8 -45.0 -6.36189797453 
-47.4 29.4 -6.8105347096 
-175.8 160.2 -8.43156990974 
-109.8 -64.2 -4.54729923936 
-141.0 4.2 -1.7172905009 
141.0 156.6 -7.20222200341 
83.4 49.8 -3.3199941451 
-34.2 -165.0 -7.55126825555 
-130.2 127.8 -5.99174025721 
-63.0 19.8 -6.04080060854 
-174.6 -37.8 -3.84438533048 
-148.2 47.4 -6.0982468529 
0.6 -48.6 -6.74663881073 
10.2 -7.8 -4.13258718664 
53.4 19.8 -4.40756524845 
126.6 -121.8 -8.30658421569 
-13.8 112.2 -5.61870339116 
-79.8 -23.4 -4.09582647569 
37.8 21.0 -4.75458915645 
-17.4 -174.6 -6.79429563423 
118.2 -35.4 -4.86301885051 
71.4 24.6 -3.93202810033 
9.0 -17.4 -4.37773761828 
162.6 105.0 -5.13110669838 
-133.8 106.2 -5.59051338725 
18.6 159.0 -5.16943942374 
-168.6 -115.8 -8.70130837052 
95.4 162.6 -5.98202991424 
-3.0 177.0 -6.10711986265 
161.4 124.2 -5.92810429078 
160.2 -126.6 -9.21127348492 
3.0 -137.4 -7.13618443619 
113.4 141.0 -4.95318369074 
-58.2 -135.0 -7.51436631993 
-70.2 -163.8 -7.82293978055 
178.2 -153.0 -9.47407775614 
-178.2 117.0 -5.93651230844 
-5.4 -130.2 -7.15995649526 
173.4 -102.6 -9.00796346378 
126.6 70.2 -2.99345364033 
-163.8 28.2 -4.10501423482 
-77.4 -129.0 -7.17731783071 
-89.4 -124.2 -6.84515797595 
137.4 157.8 -7.1045246784 
-133.8 -22.2 -0.422257075393 
157.8 39.0 -3.17802077927 
-114.6 -69.0 -4.90041412506 
166.2 -67.8 -8.00686474224 
72.6 159.0 -5.8390856266 
49.8 -55.8 -7.59549872836 
58.2 97.8 -2.86144224605 
52.2 67.8 -4.51968881491 
-84.6 19.8 -5.48932893192 
162.6 13.8 -0.830489882623 
49.8 -41.4 -6.0157786619 
178.2 166.2 -8.74135270198 
117.0 23.4 -1.68120523736 
-39.0 151.8 -7.03428700129 
6.6 -57.0 -7.44268059016 
-36.6 -156.6 -7.58369361351 
139.8 52.2 -3.10388034066 
-82.2 41.4 -7.23951311627 
-25.8 95.4 -6.86250482909 
177.0 3.0 -0.469207356503 
-124.2 -34.2 -1.29549696546 
61.8 131.4 -3.92523303447 
-161.4 36.6 -5.11920794477 
-76.2 5.4 -4.76857107619 
-103.8 -59.4 -4.392294574 
-111.0 7.8 -3.10796397289 
0.6 -61.8 -7.82576221407 
95.4 3.0 -2.67329931188 
-66.6 106.2 -7.03006609762 
178.2 -35.4 -3.96317658172 
-138.6 57.0 -6.45973288602 
-64.2 144.6 -7.08898655684 
171.0 -132.6 -9.37976236419 
-40.2 -91.8 -7.82283663882 
172.2 127.8 -6.41783191639 
-24.6 9.0 -5.10545228818 
100.2 35.4 -2.48206512518 
106.2 132.6 -4.15508279034 
142.2 124.2 -5.05890693085 
-132.6 -168.6 -7.62417024479 
-78.6 -81.0 -6.61793480095 
130.2 -3.0 -1.80686217563 
57.0 108.6 -2.82593395133 
-118.2 52.2 -6.58868556004 
155.4 -70.2 -8.21927416263 
-136.2 -33.0 -0.925347540883 
69.0 151.8 -5.4178183455 
156.6 175.8 -8.75359092616 
94.2 -90.6 -8.66077868569 
1.8 114.6 -4.77074823391 
-135.0 -112.2 -7.16067824435 
153.0 -96.6 -8.94330882722 
78.6 18.6 -3.46740643281 
29.4 18.6 -4.71452217008 
-46.2 78.6 -8.17850462066 
55.8 113.4 -2.93013620092 
175.8 -179.4 -9.241334216 
124.2 35.4 -1.75821567001 
72.6 -24.6 -4.32025344606 
142.2 -124.2 -8.73389207895 
-127.8 35.4 -5.4925294311 
112.2 99.0 -2.79056043154 
-75.0 -72.6 -6.59981799262 
9.0 147.0 -4.72201972543 
-9.0 129.0 -5.26452057015 
66.6 154.2 -5.59106861079 
-7.8 -65.4 -8.0854469414 
-76.2 -101.4 -6.92526130571 
-1.8 175.8 -6.03982839452 
-52.2 -75.0 -7.66048497572 
-90.6 171.0 -7.30840007024 
81.0 162.6 -5.98373638533 
-88.2 11.4 -4.60536222833 
28.2 -9.0 -3.94951097625 
-9.0 171.0 -6.15592216752 
-112.2 -17.4 -1.52681601479 
-57.0 -177.0 -7.91963178289 
97.8 -31.8 -4.5928420642 
57.0 25.8 -4.57662504692 
81.0 -31.8 -4.78452858956 
36.6 -148.2 -7.44594659125 
-43.8 -69.0 -7.82825407715 
-69.0 13.8 -5.50705259741 
22.2 136.2 -3.97187626169 
84.6 -59.4 -7.63120308037 
-130.2 0.6 -1.72398746609 
-119.4 -149.4 -7.1877258697 
-23.4 148.2 -6.36724252945 
179.4 163.8 -8.6316089955 
-172.2 -69.0 -7.47715170506 
103.8 24.6 -2.27003007175 
-142.2 89.4 -5.89119301826 
5.4 -57.0 -7.44484007225 
0.6 -153.0 -6.77285994896 
162.6 -33.0 -4.22791504992 
-172.2 -13.8 -0.606502766003 
-78.6 -5.4 -4.22437539593 
21.0 -57.0 -7.50457179824 
123.0 -87.0 -8.42010882351 
-102.6 73.8 -6.87720780017 
76.2 126.6 -3.52428412143 
-85.8 10.2 -4.63182117005 
-19.8 12.6 -5.21163147709 
46.2 45.0 -5.50317398554 
138.6 126.6 -5.00937423356 
144.6 -76.2 -8.41436127027 
143.4 -119.4 -8.74561152254 
-17.4 -55.8 -7.52431425845 
169.8 -94.2 -8.99655697865 
-12.6 161.4 -6.10618814987 
114.6 -138.6 -7.9494439593 
-143.4 91.8 -5.8418438169 
28.2 -41.4 -5.98453494672 
85.8 169.8 -6.3378467459 
63.0 147.0 -5.11508148759 
-145.8 137.4 -6.66327755147 
42.6 -41.4 -6.02060206616 
17.4 -145.8 -7.25273697546 
-29.4 -53.4 -7.40874632421 
147.0 -143.4 -9.09059120855 
115.8 -39.0 -5.2329790307 
77.4 5.4 -3.35098383709 
43.8 -27.0 -4.65849409281 
-66.6 69.0 -8.36481811222 
-59.4 118.2 -6.82113603735 
-109.8 161.4 -6.97045735928 
179.4 100.2 -5.5674973332 
162.6 139.8 -6.9828295771 
-103.8 -37.8 -2.77496013307 
-88.2 -77.4 -6.12415010299 
154.2 61.8 -4.40626747764 
60.6 -65.4 -8.50140059526 
-40.2 -125.4 -7.16076968001 
157.8 -169.8 -9.15629121052 
-123.0 -29.4 -1.08888153728 
148.2 -13.8 -2.23598544016 
156.6 -109.8 -9.00281483054 
76.2 -9.0 -3.53748680818 
-10.2 -64.2 -8.02657820102 
-155.4 -16.2 -0.085770678893 
-143.4 123.0 -6.03280956823 
34.2 30.6 -5.39617667376 
-67.8 144.6 -7.06568624288 
-47.4 -115.8 -7.21924025458 
139.8 17.4 -0.966029613903 
-141.0 95.4 -5.75196759876 
3.0 -151.8 -6.83055267317 
55.8 88.2 -3.25358905855 
-149.4 -3.0 -0.638461340533 
-150.6 13.8 -2.60753027286 
-12.6 -25.8 -5.181984035 
147.0 41.4 -2.73402907079 
-24.6 11.4 -5.23496742615 
-51.0 -81.0 -7.73155451271 
-71.4 -150.6 -7.66796907332 
-15.0 155.4 -6.10422743056 
-88.2 -35.4 -3.83783695978 
-42.6 -141.0 -7.47150799801 
-15.0 -73.8 -8.40172427498 
71.4 155.4 -5.63142889916 
-31.8 91.8 -7.26208047801 
-172.2 121.8 -6.19160300124 
179.4 -131.4 -9.26952185572 
-67.8 59.4 -8.28447282288 
103.8 95.4 -2.59996064055 
18.6 155.4 -4.97278212532 
-91.8 178.2 -7.37142751494 
24.6 -13.8 -4.09961315039 
60.6 -136.2 -7.71819371753 
139.8 143.4 -6.23494451252 
-83.4 -103.8 -6.76457537565 
-29.4 61.8 -7.89554913466 
103.8 -154.2 -7.56625515025 
69.0 3.0 -3.55803779958 
142.2 52.2 -3.2381766892 
100.2 -179.4 -6.89624148694 
-159.0 27.0 -4.10448449335 
-138.6 85.8 -5.96558073094 
160.2 40.2 -3.46235383874 
-3.0 -7.8 -4.29950019603 
1.8 -136.2 -7.14055926555 
-11.4 -147.0 -6.80881999153 
-137.4 -105.0 -7.20430680425 
-175.8 23.4 -2.9058160955 
-9.0 -29.4 -5.34248887893 
-15.0 174.6 -6.51340189179 
5.4 132.6 -4.52708674798 
131.4 99.0 -3.53296473975 
31.8 148.2 -4.70858504871 
72.6 -97.8 -8.95935065193 
-85.8 64.2 -7.7366416878 
-107.4 178.2 -7.19063101221 
-39.0 -131.4 -7.20348725208 
156.6 -161.4 -9.27476939836 
48.6 7.8 -3.93659798375 
-0.6 -49.8 -6.86475863457 
-82.2 -177.0 -7.58432731275 
-5.4 171.0 -6.00861412597 
90.6 178.2 -6.70675192899 
135.0 -148.2 -8.64793889689 
168.6 -143.4 -9.49550235627 
-138.6 -33.0 -0.931750551153 
114.6 179.4 -7.20600864434 
-113.4 -153.0 -7.15450442851 
-139.8 133.8 -6.39043271645 
-11.4 -35.4 -5.82899000423 
29.4 -88.2 -8.84516386092 
-54.6 -133.8 -7.47592465516 
43.8 33.0 -5.29605127053 
0.6 -155.4 -6.72827102288 
-109.8 43.8 -6.42040821156 
141.0 123.0 -4.92885839378 
-47.4 -173.4 -7.88558236495 
172.2 -135.0 -9.40668879482 
-135.0 85.8 -5.94108368727 
-135.0 -174.6 -7.68159628948 
-9.0 137.4 -5.38526121521 
-57.0 -97.8 -7.39839688116 
-142.2 -72.6 -6.16745289216 
141.0 154.2 -7.04968637022 
52.2 0.6 -3.71793385914 
-160.2 -89.4 -8.06460521368 
-108.6 136.2 -6.20595893346 
-102.6 -29.4 -2.4153744194 
7.8 -48.6 -6.69086379646 
6.6 51.0 -6.66613009178 
-107.4 100.2 -5.71079298342 
-101.4 -72.6 -5.43706266895 
-10.2 -131.4 -7.05928795127 
84.6 156.6 -5.60860952615 
-33.0 -174.6 -7.47790557638 
131.4 12.6 -1.17447683851 
114.6 -159.0 -7.78595006208 
-178.2 -55.8 -6.35856148079 
91.8 90.6 -2.57624271632 
-4.2 67.8 -6.8863766871 
114.6 46.2 -2.19567591528 
-167.4 -153.0 -9.15037307595 
117.0 -22.2 -3.53506781594 
-9.0 135.0 -5.34349587677 
-97.8 19.8 -4.90303054199 
119.4 -133.8 -8.0901072722 
-161.4 -13.8 -0.154046331593 
-115.8 -150.6 -7.14864094069 
-36.6 -121.8 -7.12786031274 
64.2 -71.4 -8.89607932439 
106.2 155.4 -5.71373163523 
178.2 144.6 -7.58706601099 
46.2 -33.0 -5.16843051938 
-144.6 -99.0 -7.46635094052 
-172.2 -12.6 -0.522768404113 
-85.8 -168.6 -7.52553566073 
-21.0 147.0 -6.22277504568 
13.8 145.8 -4.54378717639 
-37.8 -142.2 -7.37554364371 
112.2 -97.8 -8.33774941906 
-154.2 147.0 -7.32108609165 
131.4 -97.8 -8.55535865358 
124.2 -75.0 -8.11799540109 
-124.2 -171.0 -7.37876951596 
175.8 39.0 -4.40455105937 
-19.8 -24.6 -5.26245346883 
130.2 -65.4 -7.63209797371 
-30.6 46.2 -7.62900806975 
-53.4 100.2 -7.39812609968 
54.6 -75.0 -9.09231760282 
77.4 -81.0 -9.04537803062 
-175.8 -7.8 -0.417287723083 
-148.2 -87.0 -7.34677802117 
-89.4 -118.2 -6.77289163346 
97.8 -171.0 -7.13203311227 
-143.4 153.0 -7.30568172016 
-93.0 153.0 -6.89140920484 
-53.4 -156.6 -7.91772526535 
151.8 -113.4 -8.9281611337 
-30.6 103.8 -6.68916995968 
-178.2 -37.8 -4.080967087 
51.0 -85.8 -9.27356554978 
-114.6 63.0 -6.73716336317 
3.0 157.8 -5.29259494347 
-100.2 -96.6 -6.37238828062 
-51.0 173.4 -7.76945442606 
90.6 11.4 -2.8535167179 
-173.4 5.4 -0.742629722783 
78.6 112.2 -2.78989339781 
71.4 -71.4 -8.81995695866 
-119.4 -144.6 -7.11155036488 
-120.6 -72.6 -5.26249235653 
-30.6 -165.0 -7.40897846892 
28.2 -28.2 -4.80865799384 
-156.6 141.0 -7.06541644809 
-43.8 55.8 -8.22247761127 
53.4 95.4 -3.05047692595 
-52.2 175.8 -7.81734289096 
115.8 -166.2 -7.70243406966 
-130.2 117.0 -5.67035367788 
-18.6 -16.2 -4.83032956629 
148.2 -85.8 -8.76053617141 
-81.0 -7.8 -4.01170084879 
-72.6 -125.4 -7.21329907909 
-57.0 -106.2 -7.28638261072 
-106.2 -55.8 -3.9709613513 
-48.6 -88.2 -7.73372315895 
156.6 147.0 -7.24757648629 
-106.2 163.8 -7.01923395568 
-100.2 -27.0 -2.5061615434 
27.0 60.6 -5.9719980803 
-65.4 -126.6 -7.32183896905 
-148.2 88.2 -5.95230726958 
10.2 -37.8 -5.68583692727 
-36.6 167.4 -7.36042991869 
59.4 169.8 -6.43102372698 
144.6 -143.4 -9.00587998541 
19.8 64.2 -6.0905697466 
-145.8 -31.8 -0.957379670393 
-13.8 100.2 -6.06874670698 
13.8 167.4 -5.55921123193 
-60.6 -81.0 -7.40254622306 
-151.8 79.8 -6.18332958851 
29.4 -150.6 -7.33880369299 
-174.6 156.6 -8.24332508045 
-125.4 -67.8 -4.90338931163 
31.8 -115.8 -8.07808055689 
-163.8 167.4 -8.48987134849 
3.0 93.0 -5.52467852515 
-118.2 -168.6 -7.28297625824 
-63.0 78.6 -8.26642522936 
30.6 53.4 -6.02127061039 
-175.8 41.4 -5.08780187731 
136.2 58.2 -3.17769065737 
-59.4 -112.2 -7.2312751934 
-82.2 93.0 -7.02917720096 
-71.4 93.0 -7.4844110959 
-154.2 156.6 -7.77084173412 
90.6 84.6 -2.63305501839 
-106.2 40.2 -6.30119106652 
-166.2 33.0 -4.60449109902 
83.4 64.2 -3.10249753229 
-88.2 4.2 -4.06426778706 
-55.8 91.8 -7.79276666126 
-150.6 30.6 -4.71128408223 
-99.0 43.8 -6.74476116686 
57.0 60.6 -4.59989629099 
-75.0 81.0 -7.86751879147 
52.2 107.4 -2.87987132489 
-173.4 135.0 -6.95663660828 
99.0 -157.8 -7.42867797224 
-21.0 18.6 -5.63909401514 
-109.8 -89.4 -6.18426844957 
22.2 -121.8 -7.8022478301 
29.4 -112.2 -8.15916350025 
-34.2 41.4 -7.48236611127 
84.6 -179.4 -6.7760012281 
-148.2 -163.8 -8.32805173995 
94.2 18.6 -2.72040748338 
21.0 148.2 -4.58117772855 
-24.6 66.6 -7.70583380637 
69.0 -52.2 -7.12922262943 
-178.2 -15.0 -1.04469535971 
149.4 78.6 -4.28878297678 
57.0 -117.0 -8.30465685484 
-69.0 88.2 -7.78268324661 
78.6 -1.8 -3.34100834529 
-131.4 -49.8 -2.86279262349 
-89.4 65.4 -7.59020113847 
-103.8 67.8 -6.99415592704 
60.6 -88.2 -9.28426640655 
0.6 -144.6 -6.93370054176 
13.8 -141.0 -7.27974257201 
-132.6 -163.8 -7.63511262462 
-79.8 -119.4 -6.99952242277 
178.2 5.4 -0.580133840303 
-21.0 -151.8 -6.97340128962 
35.4 -95.4 -8.82806046955 
6.6 66.6 -6.48072777803 
-79.8 57.0 -7.89403895968 
155.4 -61.8 -7.5893257807 
-40.2 -10.2 -5.02142561626 
-106.2 172.2 -7.1412272212 
-10.2 169.8 -6.18071394449 
-43.8 0.6 -5.06650428042 
132.6 -118.2 -8.46701741522 
-124.2 -177.0 -7.35110043021 
6.6 53.4 -6.67758851767 
171.0 35.4 -3.69754673188 
-47.4 -48.6 -6.89638078954 
-25.8 -171.0 -7.19375079162 
109.8 -28.2 -4.1647697752 
77.4 37.8 -3.7689402803 
-124.2 -127.8 -6.91389022044 
73.8 -37.8 -5.45280370401 
-45.0 -148.2 -7.68401062907 
106.2 -53.4 -6.64724822212 
1.8 136.2 -4.77370464488 
169.8 53.4 -5.08556089896 
135.0 -94.2 -8.62289410883 
-90.6 7.8 -4.18460382528 
-58.2 -7.8 -4.9557532098 
-49.8 -154.2 -7.86245789289 
147.0 70.2 -4.08255489703 
-162.6 -79.8 -7.81689602701 
124.2 -59.4 -7.14066475641 
-105.0 60.6 -7.0240288643 
-161.4 143.4 -7.29898153663 
112.2 83.4 -2.66603468518 
15.0 3.0 -4.17112186173 
-125.4 -154.2 -7.37824849989 
43.8 -127.8 -7.86790563717 
-175.8 -28.2 -2.5515935832 
111.0 42.6 -2.16699702998 
-147.0 25.8 -4.23570339964 
42.6 -0.6 -3.76969697322 
-94.2 23.4 -5.40265682826 
137.4 -0.6 -1.45771701046 
64.2 -35.4 -5.30744153088 
168.6 -117.0 -9.14851956092 
-156.6 75.0 -6.28732835855 
-154.2 -157.8 -8.62378160804 
91.8 65.4 -2.79655468765 
42.6 -63.0 -8.24289156942 
4.2 -52.2 -7.03724262437 
-79.8 -175.8 -7.63769993308 
-105.0 -39.0 -2.7640290491 
142.2 -35.4 -4.75339938485 
145.8 -12.6 -2.17574523827 
73.8 23.4 -3.7883301251 
-41.4 -119.4 -7.16884897762 
119.4 97.8 -2.98854858818 
-29.4 -137.4 -7.08463202368 
-100.2 -167.4 -7.28255785239 
-118.2 -85.8 -6.12234179931 
84.6 136.2 -4.16397105534 
147.0 -81.0 -8.62293168775 
84.6 -153.0 -7.37901393303 
12.6 145.8 -4.57266710879 
139.8 173.4 -8.00146541826 
-41.4 79.8 -8.02109400664 
57.0 130.2 -3.81774894735 
-169.8 -58.2 -6.23863568218 
-131.4 -126.6 -7.15665619944 
102.6 -109.8 -8.11078834054 
-143.4 101.4 -5.70356826829 
0.6 -84.6 -8.56143824643 
171.0 -76.2 -8.49206298601 
13.8 160.2 -5.20912569911 
-115.8 -162.6 -7.250296456 
153.0 -142.2 -9.26511855176 
179.4 -34.2 -3.72871212421 
67.8 79.8 -3.2254468645 
120.6 79.8 -2.85960242465 
-18.6 142.2 -5.98746204515 
-22.2 -179.4 -6.9547218135 
160.2 127.8 -6.10973126014 
157.8 90.6 -4.80624006051 
-132.6 118.2 -5.72883040851 
-153.0 138.6 -6.86571110877 
-75.0 -132.6 -7.28394631317 
103.8 -21.0 -3.55611908571 
-95.4 141.0 -6.51422938556 
-177.0 61.8 -5.99237097836 
-115.8 29.4 -5.17512089364 
-91.8 31.8 -6.22571752178 
105.0 175.8 -6.78714875303 
160.2 -4.2 -0.980939477243 
-71.4 115.8 -6.67203999278 
77.4 -39.0 -5.53480127198 
103.8 -85.8 -8.50870665602 
25.8 87.0 -4.72251110204 
-173.4 -17.4 -0.997443009193 
-47.4 123.0 -6.70304979694 
-3.0 -4.2 -4.29080616112 
-25.8 16.2 -5.56091190911 
-23.4 -137.4 -6.9786294871 
-123.0 133.8 -6.14152803624 
81.0 -1.8 -3.26942341389 
95.4 -154.2 -7.43727592647 
-143.4 -0.6 -1.10024490124 
151.8 1.8 -0.875543964953 
-4.2 61.8 -6.98298249386 
-17.4 23.4 -5.91938573685 
-137.4 109.8 -5.65206731861 
4.2 106.2 -4.88194616767 
-163.8 -90.6 -8.26280085652 
-59.4 67.8 -8.47253832655 
162.6 10.2 -0.645180512363 
-6.6 -22.2 -4.84645695824 
-177.0 76.2 -5.96487699144 
-178.2 -36.6 -3.91485447214 
138.6 -85.8 -8.60329961958 
70.2 -64.2 -8.33312592119 
131.4 18.6 -1.16269544441 
-105.0 105.0 -5.68563172443 
-159.0 144.6 -7.31239821905 
13.8 16.2 -4.79101232121 
163.8 13.8 -0.852384364823 
-25.8 -87.0 -8.2135959134 
-143.4 -161.4 -8.09450395226 
-90.6 102.6 -6.24357711842 
171.0 28.2 -2.79090252488 
117.0 59.4 -2.54725511251 
-123.0 -97.8 -6.57346325826 
-7.8 -61.8 -7.86832649346 
101.4 3.0 -2.43515163338 
-54.6 -13.8 -5.07909921978 
-60.6 -160.2 -7.93086805473 
168.6 -28.2 -3.4298080867 
-144.6 -175.8 -8.08071989116 
63.0 144.6 -4.93809708672 
106.2 112.2 -3.00932543726 
22.2 -169.8 -6.6853329363 
90.6 -90.6 -8.73921621212 
165.0 3.0 -0.539119190253 
151.8 40.2 -2.90683625732 
-135.0 -143.4 -7.58587275072 
70.2 85.8 -2.95121363814 
-165.0 -118.2 -8.60079331718 
168.6 -6.6 -0.887793508663 
-119.4 -23.4 -1.12063850262 
-132.6 -130.2 -7.26320071754 
139.8 -51.0 -6.495779241 
-82.2 118.2 -6.35439174237 
105.0 150.6 -5.37902977741 
-175.8 -4.2 -0.335356148073 
153.0 5.4 -0.717570917673 
-99.0 -3.0 -2.87955976352 
-153.0 105.0 -5.78103196067 
-29.4 -168.6 -7.35820368316 
-35.4 -61.8 -7.80000794272 
-124.2 -71.4 -5.2283493328 
161.4 -100.2 -9.03205451814 
157.8 -61.8 -7.58390009273 
156.6 36.6 -2.85133774364 
61.8 151.8 -5.45299305424 
-71.4 155.4 -7.30324448694 
-17.4 93.0 -6.59021464464 
-0.6 78.6 -6.37903352816 
-114.6 125.4 -5.8020388769 
87.0 66.6 -2.93288352176 
148.2 174.6 -8.40651809081 
147.0 165.0 -7.94461881676 
143.4 90.6 -4.0050370578 
-84.6 -126.6 -6.98473502634 
-1.8 -54.6 -7.28593264255 
-19.8 7.8 -4.94996833743 
-79.8 63.0 -7.96217655888 
123.0 149.4 -5.89680169109 
-150.6 132.6 -6.53017441041 
127.8 -161.4 -8.25764997686 
127.8 -17.4 -2.97380004657 
-7.8 -142.2 -6.87322801767 
-173.4 -119.4 -8.90596352044 
96.6 105.0 -2.66802441427 
-96.6 -154.2 -7.22435511454 
-133.8 -109.8 -7.08712591412 
120.6 -165.0 -7.90373940943 
118.2 121.8 -3.80828197023 
13.8 -155.4 -6.9582921656 
39.0 145.8 -4.69715375189 
24.6 -1.8 -3.97080711753 
130.2 -40.2 -5.34146136697 
-173.4 70.2 -6.11670907991 
95.4 5.4 -2.65238232707 
135.0 126.6 -4.82443832305 
-103.8 -18.6 -2.0720115706 
-162.6 -143.4 -8.86873115665 
126.6 -105.0 -8.419874502 
-53.4 55.8 -8.33206618348 
124.2 -160.2 -8.12605443688 
-22.2 -150.6 -7.0032118856 
-7.8 95.4 -5.98423908702 
30.6 25.8 -5.16567857726 
153.0 -5.4 -1.30538876694 
54.6 65.4 -4.51327499945 
19.8 -100.2 -8.39874276398 
37.8 -142.2 -7.55634084774 
-64.2 123.0 -6.74816362452 
-105.0 119.4 -5.74657926242 
-169.8 21.0 -2.86584729519 
168.6 -1.8 -0.601936780253 
-13.8 6.6 -4.76818993525 
-151.8 -141.0 -8.34743375152 
-132.6 151.8 -7.00332590882 
90.6 -135.0 -7.69718996582 
114.6 -3.0 -2.18527460857 
-93.0 16.2 -4.78853470034 
159.0 -76.2 -8.55945225265 
-58.2 -149.4 -7.81696748447 
-157.8 45.0 -5.86503967072 
-43.8 65.4 -8.32540668454 
7.8 41.4 -6.42166586293 
100.2 64.2 -2.61432331613 
-12.6 -22.2 -4.97315894507 
31.8 -169.8 -6.8655244611 
-94.2 -36.6 -3.43370671873 
85.8 -175.8 -6.89351263738 
-156.6 -139.8 -8.55776893239 
127.8 132.6 -4.88565260629 
-119.4 70.2 -6.48634274833 
-43.8 58.2 -8.27010906168 
113.4 -132.6 -7.9591721361 
-15.0 173.4 -6.48965132444 
107.4 81.0 -2.5965475095 
118.2 -0.6 -1.98953359541 
-160.2 144.6 -7.33950479522 
-37.8 0.6 -5.01588801948 
-94.2 102.6 -6.08959717716 
-25.8 -52.2 -7.3233939735 
-22.2 16.2 -5.49338973141 
-127.8 -177.0 -7.43635962056 
64.2 -58.2 -7.82166667021 
-144.6 172.2 -7.91588467144 
142.2 -106.2 -8.74226265599 
19.8 49.8 -6.33469769213 
113.4 -58.2 -7.02609967147 
-141.0 -76.2 -6.37554147629 
174.6 123.0 -6.15492233302 
-67.8 78.6 -8.17241228019 
-109.8 137.4 -6.24439923762 
-48.6 -129.0 -7.31684398865 
-127.8 3.0 -2.04019914907 
-89.4 -40.2 -4.01545807642 
43.8 76.2 -4.47855669342 
138.6 96.6 -3.84902255379 
29.4 54.6 -6.04047853861 
99.0 -47.4 -6.1403733871 
-24.6 -88.2 -8.20879249448 
-113.4 -97.8 -6.40017207645 
-107.4 70.2 -6.80744527009 
52.2 78.6 -3.90744636988 
-125.4 141.0 -6.46729477038 
-40.2 21.0 -6.10906193311 
-102.6 127.8 -5.99443873264 
-165.0 -60.6 -6.27475434322 
-15.0 40.2 -6.94198578219 
-138.6 59.4 -6.48377018656 
85.8 36.6 -3.25678550122 
124.2 138.6 -5.17202824107 
177.0 -95.4 -8.92183200033 
-95.4 -114.6 -6.61725694703 
-66.6 27.0 -6.57458928063 
177.0 -153.0 -9.48618844052 
-178.2 -147.0 -9.38864042249 
131.4 -71.4 -8.00546798757 
-151.8 -119.4 -8.04034875398 
-33.0 -33.0 -6.00642434411 
-147.0 -76.2 -6.72339782402 
31.8 9.0 -4.16191436785 
-67.8 -70.2 -6.89554237462 
107.4 33.0 -2.14948768029 
143.4 -43.8 -5.72248413342 
-135.0 27.0 -4.56631101172 
21.0 108.6 -3.89763402952 
-127.8 -51.0 -2.94743620693 
-156.6 6.6 -1.42860388149 
-65.4 -112.2 -7.17996818002 
-17.4 -106.2 -7.7256647413 
51.0 -46.2 -6.5433705349 
55.8 24.6 -4.56549884921 
-108.6 40.2 -6.23355053285 
55.8 -133.8 -7.77298457384 
-133.8 -55.8 -3.76991274472 
-61.8 -33.0 -5.56040195456 
-119.4 -126.6 -6.76745713314 
-166.2 48.6 -5.92510339828 
75.0 -163.8 -7.17225626943 
-51.0 72.6 -8.39956216636 
112.2 36.6 -2.02346827582 
-73.8 -126.6 -7.21029964985 
-0.6 175.8 -6.01184631474 
149.4 -119.4 -8.89820911654 
-129.0 -95.4 -6.7094506918 
11.4 -138.6 -7.28134335596 
83.4 31.8 -3.3836542844 
-172.2 82.2 -5.95824353943 
72.6 9.0 -3.53371680144 
-17.4 -69.0 -8.25017231011 
-59.4 91.8 -7.78471516566 
148.2 119.4 -5.11276154497 
-161.4 -163.8 -8.96348039593 
-29.4 54.6 -7.83162240553 
-102.6 121.8 -5.84018484454 
82.2 135.0 -4.08437856916 
-151.8 -178.2 -8.39158320845 
-61.8 -172.2 -7.93160147215 
18.6 125.4 -3.80568733357 
41.4 107.4 -3.10925717198 
-22.2 -120.6 -7.17774518359 
87.0 -126.6 -7.86172917573 
173.4 -94.2 -8.96378329536 
-87.0 -106.2 -6.70658854274 
-177.0 58.2 -5.92881544056 
-99.0 -126.6 -6.70634291079 
-83.4 84.6 -7.3567224188 
-79.8 -133.8 -7.20413346053 
-141.0 -66.6 -5.5254708101 
-76.2 -93.0 -6.86462747042 
172.2 -40.2 -4.87152570325 
163.8 29.4 -2.4885488025 
-163.8 -65.4 -6.74113532944 
169.8 -145.8 -9.50696686955 
-141.0 -9.0 -0.491936841193 
160.2 -54.6 -6.85755284023 
59.4 97.8 -2.83654765357 
-171.0 -76.2 -7.98584811073 
121.8 36.6 -1.82551662156 
-127.8 -102.6 -6.78184185995 
-132.6 -0.6 -1.52222187738 
-4.2 -73.8 -8.43664902153 
-28.2 64.2 -7.85070556396 
136.2 178.2 -8.03271603251 
-121.8 85.8 -5.919847893 
136.2 -151.8 -8.69582198119 
28.2 85.8 -4.67864419408 
-18.6 103.8 -6.14795173048 
161.4 31.8 -2.62510008486 
-131.4 -22.2 -0.514636384473 
125.4 48.6 -2.3530206322 
103.8 -30.6 -4.43351196902 
-132.6 6.6 -2.26719297915 
72.6 42.6 -4.06077589063 
64.2 171.0 -6.47370859925 
70.2 161.4 -5.99183175758 
-60.6 -103.8 -7.26488117052 
-168.6 -97.8 -8.5534188006 
88.2 35.4 -3.11609576954 
-64.2 130.2 -6.79296312613 
93.0 -103.8 -8.36746986785 
156.6 -118.2 -9.04462139338 
-47.4 -63.0 -7.54858811798 
-30.6 58.2 -7.91660676448 
-108.6 -11.4 -1.86485864621 
120.6 13.8 -1.54464231661 
51.0 1.8 -3.74599511897 
21.0 69.0 -5.86335375121 
72.6 -163.8 -7.17444706687 
127.8 -33.0 -4.57482695842 
85.8 113.4 -2.83251084375 
-45.0 -4.2 -5.01070900758 
31.8 39.0 -5.83773467171 
82.2 -174.6 -6.92185139248 
160.2 -47.4 -6.04613010055 
51.0 -94.2 -9.1384368877 
57.0 -11.4 -3.77736998273 
4.2 93.0 -5.4615132985 
-90.6 -112.2 -6.68776375427 
-76.2 108.6 -6.67324997145 
-123.0 -100.2 -6.60687126906 
-138.6 95.4 -5.73159488451 
3.0 48.6 -6.72724677698 
-35.4 -41.4 -6.59844151198 
-31.8 -168.6 -7.45758596369 
-136.2 108.6 -5.62740505675 
-12.6 156.6 -5.99817174261 
163.8 67.8 -5.14844999086 
132.6 131.4 -5.01975039952 
133.8 169.8 -7.56883574791 
121.8 -21.0 -3.37979582289 
118.2 -69.0 -7.80127560037 
157.8 -42.6 -5.50177689656 
163.8 -83.4 -8.83355298824 
-48.6 31.8 -7.00022797524 
179.4 28.2 -3.31147436362 
-131.4 -90.6 -6.66497714169 
130.2 -37.8 -5.08315851095 
-41.4 -171.0 -7.77592356509 
-82.2 119.4 -6.35782439351 
88.2 -118.2 -8.046584452 
-157.8 -23.4 -0.622984190823 
150.6 -109.8 -8.90299565963 
121.8 -76.2 -8.15865671662 
-149.4 12.6 -2.4853172149 
59.4 141.0 -4.65953692203 
29.4 -144.6 -7.45289048889 
155.4 -9.0 -1.54852427414 
-133.8 -148.2 -7.60076383614 
-114.6 90.6 -5.83975821223 
-17.4 -165.0 -6.86783090707 
11.4 55.8 -6.53525816469 
156.6 -130.2 -9.19710854603 
12.6 -127.8 -7.53776315167 
-177.0 -65.4 -7.33459908513 
172.2 -138.6 -9.44775312399 
-133.8 -60.6 -4.40467186349 
129.0 115.8 -3.95347136397 
63.0 -72.6 -8.9681622087 
147.0 -97.8 -8.85359344672 
-55.8 -31.8 -5.74451436077 
-59.4 -84.6 -7.45510686921 
-63.0 -22.2 -5.09914090028 
-174.6 178.2 -9.10661377317 
-125.4 -87.0 -6.33219456332 
91.8 88.2 -2.59052264044 
31.8 31.8 -5.50831781882 
168.6 37.8 -3.80238682182 
-82.2 9.0 -4.72071224784 
-42.6 123.0 -6.60433000613 
5.4 157.8 -5.2208473194 
-168.6 -121.8 -8.78583958109 
-160.2 -53.4 -5.08024773275 
-174.6 124.2 -6.30704336127 
27.0 163.8 -5.60236384839 
136.2 -135.0 -8.62104864054 
131.4 54.6 -2.81136827529 
-73.8 -13.8 -4.42315402498 
0.6 -39.0 -5.90634903899 
124.2 -1.8 -1.8911491813 
87.0 -3.0 -3.08723848969 
106.2 -55.8 -6.86655984712 
-150.6 -27.0 -0.632467206473 
153.0 -127.8 -9.07551899233 
84.6 -58.2 -7.51394020216 
127.8 -125.4 -8.32852460867 
120.6 24.6 -1.5598793762 
-1.8 -3.0 -4.27948623997 
-36.6 -59.4 -7.67603490001 
-168.6 -168.6 -9.2060890916 
-4.2 -52.2 -7.10899887405 
35.4 91.8 -3.97560789923 
91.8 -97.8 -8.55940006624 
167.4 -111.0 -9.0894542933 
13.8 77.4 -5.76416134477 
-141.0 137.4 -6.56984890399 
-60.6 -172.2 -7.9402808714 
-47.4 109.8 -6.96230245197 
89.4 45.0 -3.02906255247 
48.6 -145.8 -7.52547385944 
-145.8 18.6 -3.37539792661 
-137.4 39.0 -5.65954139449 
-67.8 24.6 -6.36307943124 
-144.6 119.4 -5.93887755004 
-82.2 43.8 -7.36670803753 
-149.4 89.4 -5.92706643668 
106.2 -84.6 -8.46569121405 
-171.0 102.6 -5.72971036379 
13.8 -75.0 -8.52044868452 
3.0 24.6 -5.55815830872 
-75.0 78.6 -7.94437572423 
-85.8 -102.6 -6.69510064067 
-143.4 79.8 -6.17039413984 
17.4 129.0 -3.90361835478 
90.6 -77.4 -8.65843556244 
-173.4 126.6 -6.44165883635 
-141.0 -6.6 -0.659033554193 
61.8 -53.4 -7.31899575406 
-53.4 -133.8 -7.46761179213 
118.2 -101.4 -8.32600683135 
-23.4 42.6 -7.28788184336 
-155.4 131.4 -6.5496523937 
-73.8 -57.0 -6.0444333183 
-78.6 3.0 -4.53613633002 
-133.8 -54.6 -3.60508265088 
-49.8 -13.8 -5.11770628598 
-19.8 165.0 -6.56967993395 
-143.4 172.2 -7.86807619533 
-49.8 155.4 -7.33776410307 
-35.4 -43.8 -6.76315603003 
-120.6 34.2 -5.50800602117 
99.0 124.2 -3.46547428923 
54.6 -172.2 -7.00346388417 
124.2 114.6 -3.6797575224 
47.4 79.8 -4.07567575596 
-145.8 124.2 -6.11070521616 
89.4 132.6 -3.90896876207 
61.8 -157.8 -7.30367780204 
-159.0 96.6 -5.82085529394 
105.0 76.2 -2.58570097857 
-23.4 137.4 -6.096039499 
89.4 -81.0 -8.77155300115 
7.8 -123.0 -7.58363473732 
139.8 -135.0 -8.74966168925 
-9.0 -105.0 -7.91967012144 
106.2 -114.6 -8.03018955981 
-99.0 -177.0 -7.29095810461 
88.2 97.8 -2.57531296947 
-165.0 -63.0 -6.54601516231 
-94.2 -94.2 -6.40403436313 
84.6 103.8 -2.61332524012 
45.0 -6.6 -3.73667515732 
0.6 -72.6 -8.3997436386 
15.0 88.2 -5.16225784749 
144.6 -125.4 -8.81267317393 
-96.6 -75.0 -5.72134770138 
-85.8 48.6 -7.44836264964 
-64.2 52.2 -8.16197005117 
-178.2 19.8 -2.26145864802 
108.6 -17.4 -3.19672353642 
102.6 -59.4 -7.23373790947 
-174.6 -60.6 -6.73785956163 
-63.0 -141.0 -7.6231182779 
113.4 -155.4 -7.79127282726 
52.2 94.2 -3.13094083889 
-54.6 -34.2 -5.90255074403 
121.8 27.0 -1.55925689594 
-47.4 -160.2 -7.89120465578 
-168.6 -67.8 -7.209217679 
179.4 0.6 -0.412117413553 
29.4 22.2 -4.94768297109 
-97.8 -160.2 -7.27166923416 
-97.8 -94.2 -6.35335004672 
137.4 95.4 -3.76251520125 
118.2 168.6 -6.83149961364 
-102.6 162.6 -7.01486701865 
91.8 145.8 -4.87164242471 
-22.2 157.8 -6.54199585421 
118.2 -172.2 -7.63321782421 
105.0 130.2 -3.96285727093 
77.4 64.2 -3.36398650251 
-167.4 -171.0 -9.14518393594 
-40.2 -95.4 -7.72326798279 
-23.4 79.8 -7.3911201218 
-53.4 -15.0 -5.12158719721 
15.0 23.4 -5.24904585765 
-39.0 -163.8 -7.7133424574 
18.6 61.8 -6.20514937402 
-156.6 -59.4 -5.65790587603 
-178.2 -125.4 -9.12695264579 
7.8 -102.6 -8.19916056047 
69.0 156.6 -5.72416867323 
-12.6 5.4 -4.69231391173 
-39.0 -58.2 -7.57853371485 
133.8 -88.2 -8.56080407397 
-132.6 -22.2 -0.466958873923 
112.2 -93.0 -8.39801370071 
72.6 58.2 -3.77485755032 
156.6 97.8 -4.78114610591 
76.2 -40.2 -5.67812435834 
112.2 -154.2 -7.76858125399 
57.0 136.2 -4.27083924961 
0.6 -141.0 -7.00888478193 
-109.8 85.8 -6.12843016344 
-85.8 -42.6 -4.42829010117 
-30.6 -161.4 -7.3965809879 
-61.8 90.6 -7.81867838129 
-89.4 4.2 -3.99029587135 
-163.8 73.8 -6.24235337061 
65.4 59.4 -4.15640464645 
1.8 94.2 -5.53010054351 
153.0 -3.0 -1.12204213038 
-117.0 129.0 -5.9220831361 
-34.2 -90.6 -7.96233336188 
-125.4 -28.2 -0.923138663053 
-37.8 -27.0 -5.66997540582 
111.0 147.0 -5.29705297774 
29.4 -156.6 -7.20397519721 
34.2 -0.6 -3.85955744511 
-17.4 -100.2 -7.9546809024 
-63.0 5.4 -5.14496932727 
4.2 -150.6 -6.87587556043 
143.4 109.8 -4.46282024006 
-84.6 -121.8 -6.92133688339 
-61.8 167.4 -7.66603884439 
119.4 -173.4 -7.64057121808 
-30.6 -27.0 -5.59511326636 
15.0 13.8 -4.62873251528 
73.8 90.6 -2.76208617656 
-72.6 136.2 -6.80979238453 
81.0 153.0 -5.39524715947 
101.4 64.2 -2.5971424592 
-178.2 57.0 -5.84953642544 
-84.6 6.6 -4.43346190849 
165.0 43.8 -4.13217946396 
6.6 -67.8 -8.19271417323 
-40.2 -11.4 -5.04387874733 
129.0 10.2 -1.29541255781 
138.6 -126.6 -8.64118780114 
89.4 -132.6 -7.73746595862 
-42.6 165.0 -7.47202255675 
130.2 69.0 -3.12739608155 
155.4 -105.0 -8.98270327298 
-39.0 147.0 -6.89368014265 
71.4 -19.8 -4.04099524649 
10.2 -42.6 -6.1173551448 
-11.4 72.6 -7.08370108922 
79.8 150.6 -5.24135883407 
-172.2 109.8 -5.78933023531 
-119.4 156.6 -6.92909362172 
19.8 84.6 -5.13320130119 
33.0 -138.6 -7.58539353332 
111.0 -155.4 -7.72136885945 
-139.8 0.6 -1.36680014818 
143.4 -123.0 -8.76099112182 
99.0 -83.4 -8.58206826228 
-85.8 -52.2 -5.03105058837 
-0.6 144.6 -5.07209611216 
-132.6 166.2 -7.38930076044 
-171.0 -96.6 -8.62746557504 
43.8 -119.4 -8.10718171486 
-83.4 -90.6 -6.59833238975 
-55.8 161.4 -7.53927907449 
25.8 -118.2 -7.93566978453 
-25.8 -132.6 -7.01217697485 
165.0 124.2 -6.03583669894 
-154.2 -159.0 -8.62741370314 
13.8 -96.6 -8.42755127555 
-78.6 -178.2 -7.64630075766 
-99.0 -19.8 -2.44075975999 
23.4 51.0 -6.24513488315 
-168.6 93.0 -5.81367097927 
-7.8 -82.2 -8.53036749222 
-25.8 101.4 -6.58890782183 
79.8 -16.2 -3.73001483287 
-113.4 -48.6 -2.96742143126 
-93.0 59.4 -7.4396910853 
25.8 129.0 -3.63919301335 
65.4 141.0 -4.65828609703 
-33.0 67.8 -7.99252594346 
63.0 -49.8 -6.90439553403 
34.2 113.4 -3.23865249003 
-52.2 135.0 -6.84157004204 
138.6 5.4 -1.12546801992 
-21.0 -123.0 -7.13399737137 
151.8 -63.0 -7.68266868543 
145.8 3.0 -1.00066527016 
89.4 148.2 -5.03495122122 
19.8 70.2 -5.85555662691 
31.8 6.6 -4.06653594419 
76.2 165.0 -6.14083381353 
6.6 52.2 -6.67393036358 
-65.4 -136.2 -7.50070664621 
73.8 -97.8 -8.93936605796 
-78.6 -3.0 -4.2926636215 
100.2 -159.0 -7.42841607471 
132.6 -127.8 -8.46500842522 
-100.2 151.8 -6.77318983837 
148.2 -171.0 -8.84421370211 
77.4 93.0 -2.67643931138 
-142.2 -13.8 -0.219393520743 
-58.2 79.8 -8.27112223118 
96.6 89.4 -2.55761486544 
165.0 10.2 -0.661944472323 
-58.2 -177.0 -7.91737511301 
-55.8 -17.4 -5.15519458478 
-23.4 166.2 -6.77906297159 
-75.0 -151.8 -7.61256273222 
178.2 156.6 -8.27964845153 
-97.8 -172.2 -7.31772283521 
61.8 69.0 -3.95081062128 
87.0 -115.8 -8.12538306948 
31.8 -159.0 -7.17392149514 
171.0 -36.6 -4.45300576499 
-67.8 -61.8 -6.59922026184 
-153.0 -145.8 -8.46869145789 
35.4 -148.2 -7.43840258475 
-174.6 172.2 -8.9149627173 
112.2 -139.8 -7.88668731372 
13.8 -6.6 -4.08788098041 
114.6 -167.4 -7.63441007688 
-42.6 -75.0 -7.94980729982 
-179.4 -46.2 -5.25677461338 
17.4 -36.6 -5.53211362456 
70.2 -48.6 -6.70247478757 
-47.4 -105.0 -7.38140368403 
4.2 -169.8 -6.42055843893 
132.6 0.6 -1.5346022377 
171.0 111.0 -5.52976760306 
160.2 -89.4 -8.94917644837 
51.0 -45.0 -6.40944416614 
137.4 -105.0 -8.64492303445 
144.6 -11.4 -2.09086038415 
145.8 -120.6 -8.81333033063 
-91.8 -137.4 -7.01509292512 
-46.2 87.0 -7.88558635141 
51.0 -100.2 -8.93980904576 
64.2 -42.6 -6.0720971665 
85.8 94.2 -2.59547697446 
-46.2 -19.8 -5.32969729563 
96.6 161.4 -5.92247653225 
60.6 53.4 -4.63896793864 
59.4 59.4 -4.50960465627 
100.2 -123.0 -7.89277714258 
33.0 -3.0 -3.85389302901 
169.8 129.0 -6.45366428479 
163.8 -35.4 -4.50769388772 
88.2 -125.4 -7.88040271112 
-71.4 161.4 -7.44446575187 
49.8 115.8 -3.02669888087 
85.8 -97.8 -8.69016878667 
41.4 78.6 -4.45734771747 
-121.8 150.6 -6.78492356168 
-85.8 173.4 -7.42559866543 
3.0 -33.0 -5.38473861269 
150.6 -70.2 -8.18492947663 
-70.2 -28.2 -4.90907428366 
107.4 -161.4 -7.53982902226 
21.0 -51.0 -6.93381751163 
-117.0 126.6 -5.83879717497 
151.8 160.2 -7.89022106805 
113.4 21.0 -1.82062132966 
-102.6 -60.6 -4.54830309557 
-89.4 125.4 -6.22997827144 
-117.0 -46.2 -2.58529949427 
19.8 111.0 -3.88574966975 
-168.6 -161.4 -9.23007930926 
-4.2 -163.8 -6.57549706805 
-77.4 120.6 -6.49618621303 
147.0 -60.6 -7.45138696871 
129.0 -79.8 -8.32669813961 
-177.0 19.8 -2.32540708778 
-149.4 47.4 -6.0894980339 
-45.0 -19.8 -5.33114110123 
-165.0 -175.8 -8.9935671403 
-35.4 67.8 -8.07254819415 
-166.2 57.0 -6.23816988154 
52.2 -145.8 -7.52702462353 
172.2 108.6 -5.48957495912 
33.0 82.2 -4.66144566514 
-1.8 -64.2 -7.99265902335 
-150.6 -102.6 -7.81478496939 
-90.6 41.4 -6.92789963255 
-112.2 17.4 -4.05980354894 
-102.6 -84.6 -6.02918963599 
-105.0 -97.8 -6.36575778115 
-102.6 -64.2 -4.81927964257 
-175.8 -58.2 -6.52457868311 
-75.0 47.4 -7.75433712429 
-41.4 177.0 -7.66400618775 
133.8 59.4 -3.09621114183 
63.0 111.0 -2.82228556102 
-70.2 -16.2 -4.64114828582 
117.0 -123.0 -8.08718203844 
49.8 85.8 -3.61586654774 
-53.4 118.2 -6.82119136433 
67.8 40.2 -4.36654527608 
31.8 -29.4 -4.88641934853 
96.6 91.8 -2.55442125751 
126.6 143.4 -5.62527996982 
-118.2 178.2 -7.22523494455 
-66.6 22.2 -6.18605586066 
-69.0 -65.4 -6.67786802815 
-126.6 97.8 -5.60291452925 
-21.0 -127.8 -7.04274553445 
-43.8 -178.2 -7.77871947965 
-111.0 -45.0 -2.79310169951 
25.8 130.2 -3.67739355523 
159.0 21.0 -1.31450505173 
-9.0 -34.2 -5.690933055 
-19.8 -49.8 -7.10286356856 
-21.0 -126.6 -7.06270243136 
145.8 169.8 -8.11501713291 
99.0 -24.6 -3.92439527054 
-30.6 -1.8 -4.87669809573 
71.4 109.8 -2.74528471187 
142.2 76.2 -3.82313051595 
89.4 -121.8 -7.94964653264 
37.8 -155.4 -7.31200648728 
-127.8 84.6 -5.94548965707 
131.4 108.6 -3.79575086295 
1.8 -121.8 -7.52238844872 
-3.0 139.8 -5.09968950542 
-18.6 40.2 -7.04284923688 
-47.4 -3.0 -5.02580174599 
94.2 124.2 -3.40112503494 
10.2 -150.6 -6.99701862671 
149.4 -34.2 -4.55638377849 
-22.2 59.4 -7.6406655881 
-167.4 -124.2 -8.77897408568 
132.6 -169.8 -8.27987204004 
88.2 3.0 -2.96333757694 
34.2 145.8 -4.58834822428 
119.4 -87.0 -8.40371662908 
-40.2 153.0 -7.09924382003 
84.6 -57.0 -7.39338832345 
-133.8 100.2 -5.61964246213 
150.6 66.6 -4.27346107213 
-114.6 -46.2 -2.69515424388 
-161.4 -150.6 -8.90122461074 
-153.0 -71.4 -6.71514119297 
-107.4 27.0 -5.20042179287 
30.6 -13.8 -4.03153586197 
168.6 28.2 -2.63870474272 
-35.4 -72.6 -8.09667055629 
49.8 51.0 -5.29622481177 
144.6 -99.0 -8.81055734211 
-73.8 -115.8 -7.08065347958 
115.8 52.2 -2.35780334436 
94.2 -129.0 -7.79806231599 
-28.2 13.8 -5.44489465199 
-46.2 -105.0 -7.38975339676 
-76.2 -0.6 -4.50187797235 
-81.0 -167.4 -7.62220825027 
60.6 155.4 -5.68689362945 
89.4 12.6 -2.91250822679 
-139.8 159.0 -7.4201065222 
-63.0 58.2 -8.34643984141 
160.2 -69.0 -8.1444264173 
-1.8 125.4 -4.86509207916 
-5.4 -179.4 -6.27163817629 
-141.0 -39.0 -1.68371957775 
178.2 -93.0 -8.87979089054 
-168.6 40.2 -5.26137603717 
41.4 102.6 -3.22183644291 
157.8 -99.0 -9.00354006166 
-76.2 106.2 -6.74396392183 
103.8 103.8 -2.7196953301 
-157.8 -47.4 -4.03333284786 
61.8 133.8 -4.10670730805 
35.4 -165.0 -7.05825567825 
-121.8 120.6 -5.67605048189 
15.0 -91.8 -8.5504966194 
52.2 -149.4 -7.46305590413 
35.4 -84.6 -9.00718227394 
91.8 141.0 -4.52536005599 
76.2 27.0 -3.73646646794 
-71.4 -35.4 -5.09971859097 
-39.0 -25.8 -5.60922713481 
117.0 76.2 -2.74450339028 
-112.2 0.6 -2.39415864948 
60.6 -106.2 -8.75642139345 
-6.6 49.8 -7.01454662279 
107.4 17.4 -2.08946901846 
-7.8 19.8 -5.44751968212 
4.2 69.0 -6.50474288946 
25.8 167.4 -5.77108026747 
-71.4 72.6 -8.20153779305 
113.4 121.8 -3.65335884596 
63.0 108.6 -2.77110289659 
-60.6 64.2 -8.45643594205 
-96.6 -97.8 -6.42975696917 
93.0 22.2 -2.79982896128 
-28.2 133.8 -6.21611174695 
-114.6 -63.0 -4.32591534776 
97.8 117.0 -3.06990005905 
28.2 49.8 -6.11793936471 
-19.8 157.8 -6.41763320189 
-29.4 -103.8 -7.60294363632 
-136.2 81.0 -6.09465204762 
9.0 -160.2 -6.73923857605 
-94.2 90.6 -6.53950273137 
-29.4 160.2 -6.9330956958 
-136.2 72.6 -6.33451550137 
-59.4 22.2 -6.25428566988 
-59.4 -167.4 -7.96058591624 
-117.0 54.6 -6.66247202489 
-161.4 28.2 -4.182835187 
79.8 37.8 -3.62022450776 
-18.6 6.6 -4.87019175173 
165.0 -99.0 -9.03820575199 
18.6 -168.6 -6.65593363581 
-57.0 87.0 -8.00670497892 
34.2 107.4 -3.343282985 
117.0 -52.2 -6.50029182625 
-75.0 -90.6 -6.88741949774 
-114.6 21.0 -4.36063373739 
-141.0 105.0 -5.67011032575 
-53.4 -39.0 -6.19301556173 
1.8 -30.6 -5.22553268801 
57.0 4.2 -3.74647097586 
-45.0 53.4 -8.17918932558 
28.2 -178.2 -6.49668981538 
94.2 -82.2 -8.67440320597 
166.2 -178.2 -9.16781699248 
93.0 25.8 -2.81887387178 
-47.4 89.4 -7.80997453622 
-121.8 -0.6 -1.9125734083 
95.4 101.4 -2.60383976645 
179.4 165.0 -8.68551747628 
177.0 133.8 -6.87179485935 
-160.2 -155.4 -8.88940770254 
-93.0 17.4 -4.89984954466 
-61.8 82.2 -8.16733830949 
-101.4 -22.2 -2.28630694127 
-9.0 -45.0 -6.56516968324 
13.8 58.2 -6.43481646136 
115.8 120.6 -3.65993162159 
-16.2 31.8 -6.4927282064 
40.2 -160.2 -7.22203373612 
143.4 -167.4 -8.76454518457 
-129.0 42.6 -6.01025631063 
-19.8 154.2 -6.3362021757 
-54.6 24.6 -6.4548629638 
78.6 -117.0 -8.20765972094 
-93.0 133.8 -6.34890382859 
-69.0 -99.0 -7.10929417378 
-156.6 174.6 -8.46040076273 
106.2 -175.8 -7.14655839002 
83.4 143.4 -4.70109644607 
-28.2 -108.6 -7.45266616384 
153.0 109.8 -4.91196076201 
112.2 159.0 -6.09564752092 
-162.6 -135.0 -8.75247798936 
5.4 40.2 -6.42538315409 
-23.4 -59.4 -7.77879054506 
-11.4 142.2 -5.61151283277 
-123.0 35.4 -5.56789160053 
-11.4 -109.8 -7.70030720884 
-153.0 -72.6 -6.81333131402 
-125.4 22.2 -4.21102788447 
-141.0 88.2 -5.91460456681 
24.6 -103.8 -8.35978190704 
-97.8 138.6 -6.40340656382 
-23.4 -161.4 -7.10050980472 
173.4 -136.2 -9.41319073092 
55.8 -35.4 -5.3654332305 
96.6 12.6 -2.58567995592 
69.0 -31.8 -4.92416075149 
-4.2 142.2 -5.21351222665 
-175.8 -59.4 -6.65884123296 
22.2 -159.0 -7.02801163597 
-46.2 -97.8 -7.57082985421 
-89.4 127.8 -6.27957966565 
-121.8 73.8 -6.33972211855 
-95.4 -88.2 -6.24768873127 
-65.4 142.2 -7.02251246002 
127.8 47.4 -2.35321456152 
78.6 118.2 -3.02949593261 
41.4 -95.4 -8.95421953062 
113.4 109.8 -3.09652566806 
-1.8 -31.8 -5.3749387963 
-66.6 -132.6 -7.4167932297 
144.6 -159.0 -8.96453505814 
69.0 149.4 -5.25402874867 
-160.2 106.2 -5.81120503373 
57.0 90.6 -3.11288976733 
23.4 114.6 -3.62869611872 
33.0 58.2 -5.8379529279 
159.0 -165.0 -9.27124052901 
169.8 160.2 -8.40062286095 
-160.2 -91.8 -8.1190756546 
-1.8 -34.2 -5.55665080741 
-15.0 5.4 -4.74319461528 
49.8 -69.0 -8.74652919068 
106.2 -163.8 -7.46608822875 
-145.8 -96.6 -7.48275048875 
175.8 -61.8 -7.24061272168 
97.8 156.6 -5.64432359793 
-142.2 -172.2 -7.99816716744 
-179.4 -178.2 -9.25773856833 
-108.6 126.6 -5.87759537164 
-63.0 53.4 -8.21798662678 
-166.2 25.8 -3.70094630284 
42.6 101.4 -3.21694880387 
90.6 144.6 -4.78083847375 
94.2 -5.4 -2.88942434518 
-1.8 -168.6 -6.46461185112 
119.4 33.0 -1.75732590222 
88.2 89.4 -2.61370427848 
-131.4 -25.8 -0.589371489423 
63.0 107.4 -2.75274409313 
-29.4 179.4 -7.2716009231 
-87.0 118.2 -6.20481593751 
65.4 -42.6 -6.06172444492 
-168.6 -159.0 -9.22468104629 
-30.6 -47.4 -7.00612627818 
-108.6 144.6 -6.5069687324 
-165.0 -66.6 -6.9223979545 
-16.2 136.2 -5.73653739073 
-105.0 155.4 -6.84007788907 
-43.8 23.4 -6.32209981951 
-13.8 -144.6 -6.84347464521 
159.0 -46.2 -5.9200372619 
-45.0 -36.6 -6.24110559689 
40.2 -3.0 -3.77085904326 
-169.8 -34.2 -2.95679405281 
173.4 34.2 -3.71511806405 
-169.8 -59.4 -6.37854646475 
-153.0 132.6 -6.56993134975 
46.2 155.4 -5.55571819883 
17.4 -125.4 -7.6603900384 
-148.2 106.2 -5.74972358338 
28.2 -153.0 -7.27289423992 
-45.0 94.2 -7.55259517771 
45.0 -17.4 -4.04438069027 
-100.2 -75.0 -5.61161199413 
48.6 131.4 -3.81255984525 
151.8 -179.4 -8.73982650128 
-179.4 66.6 -5.94377179262 
-147.0 13.8 -2.71938157703 
-174.6 -124.2 -9.01577306982 
127.8 129.0 -4.63765638841 
-178.2 179.4 -9.18743998448 
51.0 131.4 -3.84476034273 
162.6 48.6 -4.33628661814 
-71.4 125.4 -6.65408207461 
-139.8 156.6 -7.34157133325 
119.4 -4.2 -2.13069009568 
-48.6 -163.8 -7.92434333198 
58.2 -157.8 -7.30858946921 
60.6 -115.8 -8.36441335726 
-167.4 -144.6 -9.06654003681 
-97.8 33.0 -6.07695389639 
161.4 111.0 -5.26676616243 
-79.8 117.0 -6.42884298951 
-54.6 79.8 -8.26489983853 
-88.2 165.0 -7.244871962 
151.8 43.8 -3.22963819134 
103.8 72.6 -2.58783652881 
39.0 9.0 -4.08179117041 
-111.0 -84.6 -5.99956617822 
118.2 0.6 -1.94144363109 
-29.4 -12.6 -4.93707331997 
-73.8 -73.8 -6.69143078379 
-124.2 -49.8 -2.78571766445 
-153.0 97.8 -5.79925157948 
-136.2 17.4 -3.43887279911 
87.0 77.4 -2.78227536381 
101.4 42.6 -2.46646265561 
-135.0 -101.4 -7.05116581887 
-161.4 54.6 -6.26771170551 
-123.0 -132.6 -6.96543176836 
-178.2 -114.6 -8.963882657 
-66.6 123.0 -6.71924922841 
63.0 37.8 -4.6314001372 
65.4 28.2 -4.31376964841 
-75.0 -114.6 -7.04770008529 
-93.0 -53.4 -4.62889898331 
133.8 121.8 -4.48717706472 
-13.8 -112.2 -7.56971874759 
45.0 175.8 -6.57690425764 
42.6 59.4 -5.40661900455 
-139.8 144.6 -6.86564265205 
-48.6 -57.0 -7.2731598508 
-93.0 119.4 -6.03390760869 
-108.6 10.2 -3.45164188671 
-59.4 -53.4 -6.66067275285 
135.0 -108.6 -8.57118856099 
23.4 135.0 -3.90141429825 
69.0 -120.6 -8.17022801236 
139.8 35.4 -1.92049607715 
-76.2 -79.8 -6.70360671601 
-60.6 -28.2 -5.40992345844 
-96.6 -17.4 -2.6235881104 
89.4 -23.4 -3.97656191601 
17.4 172.2 -5.83390482418 
112.2 -13.8 -2.86885758854 
42.6 87.0 -3.89277614697 
43.8 -73.8 -8.95002697315 
145.8 -34.2 -4.58609861615 
55.8 107.4 -2.82883264576 
-174.6 33.0 -4.26244075879 
-15.0 41.4 -6.99672316655 
53.4 -69.0 -8.76416833089 
172.2 -27.0 -3.1179916902 
-135.0 63.0 -6.4901923636 
-100.2 11.4 -3.97296258458 
124.2 15.0 -1.39780098625 
144.6 121.8 -5.05398996555 
93.0 174.6 -6.57286111232 
90.6 145.8 -4.86700828776 
77.4 -156.6 -7.30431866914 
138.6 177.0 -8.09124647296 
21.0 43.8 -6.22273929877 
-102.6 -143.4 -6.9909447802 
-99.0 3.0 -3.29753789345 
-87.0 -153.0 -7.37290171352 
127.8 69.0 -3.02640815989 
-103.8 -177.0 -7.24024212467 
124.2 18.6 -1.38812512706 
171.0 -117.0 -9.14346234352 
-54.6 52.2 -8.22036824406 
-166.2 106.2 -5.79277377952 
147.0 61.8 -3.9315081286 
27.0 9.0 -4.22097445909 
-168.6 78.6 -6.08062460479 
-59.4 -106.2 -7.26092243211 
40.2 -36.6 -5.52330567555 
-169.8 -156.6 -9.25047423039 
33.0 119.4 -3.27988024575 
156.6 -64.2 -7.79045733807 
-141.0 -173.4 -7.93586972375 
30.6 33.0 -5.59609920057 
171.0 -55.8 -6.76376854194 
-130.2 4.2 -2.08452697363 
43.8 125.4 -3.39660684136 
-0.6 65.4 -6.79098335338 
10.2 173.4 -5.81662027539 
167.4 5.4 -0.520862318493 
105.0 -113.4 -8.0441979014 
-126.6 17.4 -3.64587404176 
93.0 37.8 -2.84983046437 
151.8 52.2 -3.83615297226 
1.8 41.4 -6.55327005609 
18.6 6.6 -4.23672895458 
162.6 34.2 -2.98322567703 
-4.2 -21.0 -4.73609416518 
-148.2 -136.2 -8.09916809421 
-127.8 -169.8 -7.47073864411 
-90.6 -135.0 -6.99352571362 
18.6 131.4 -3.90858551284 
-117.0 172.2 -7.16202170464 
-150.6 -64.2 -5.86490897809 
-17.4 -142.2 -6.89115612414 
52.2 112.2 -2.92791515235 
-151.8 94.2 -5.83996844806 
16.2 137.4 -4.1626012284 
-175.8 -159.0 -9.4023244033 
-161.4 -61.8 -6.22226083543 
-29.4 -43.8 -6.74211024071 
-66.6 33.0 -7.04622764393 
16.2 -131.4 -7.51514245071 
-37.8 113.4 -6.62291594228 
-108.6 113.4 -5.60438055161 
100.2 5.4 -2.45365952767 
-84.6 63.0 -7.78194984215 
-113.4 3.0 -2.55078118943 
-90.6 121.8 -6.13545305264 
-100.2 -126.6 -6.69118431833 
40.2 -107.4 -8.49748791709 
-132.6 159.0 -7.22771653538 
-78.6 13.8 -5.22477583367 
95.4 102.6 -2.61976865563 
-67.8 -121.8 -7.23068650981 
-153.0 119.4 -6.04018778908 
-96.6 -59.4 -4.80234401655 
45.0 114.6 -3.03604393892 
-5.4 -82.2 -8.54464857868 
28.2 -135.0 -7.60279316701 
-150.6 -174.6 -8.37975389966 
-0.6 125.4 -4.80032949591 
131.4 106.2 -3.71989117615 
101.4 -22.2 -3.68886498814 
157.8 -25.8 -3.41235201289 
87.0 75.0 -2.81668002366 
-65.4 -148.2 -7.73111188157 
133.8 -178.2 -8.06328839694 
3.0 -42.6 -6.18524954477 
-179.4 -12.6 -0.882575418893 
101.4 -46.2 -5.9961046257 
-108.6 -94.2 -6.30612118483 
-131.4 -94.2 -6.76824410814 
-103.8 -58.2 -4.2972802898 
171.0 150.6 -7.87981761937 
-130.2 -162.6 -7.55435774719 
-55.8 94.2 -7.68141459717 
-18.6 119.4 -5.71907584272 
-145.8 -58.2 -4.80803209218 
15.0 -129.0 -7.54748545846 
31.8 -65.4 -8.30431205203 
-157.8 161.4 -8.07943432369 
102.6 12.6 -2.3140348585 
-1.8 -115.8 -7.65107529648 
-171.0 121.8 -6.19445875509 
154.2 -165.0 -9.15608572355 
-139.8 175.8 -7.78089501263 
-155.4 43.8 -5.81574845608 
-31.8 163.8 -7.11191680504 
102.6 22.2 -2.32178043453 
-63.0 -95.4 -7.28499470424 
150.6 160.2 -7.84193843935 
-57.0 53.4 -8.26134171517 
7.8 -163.8 -6.6229125154 
-90.6 -175.8 -7.42795819874 
124.2 -41.4 -5.47159760507 
115.8 -70.2 -7.87863483365 
-79.8 54.6 -7.84367152901 
133.8 -172.2 -8.26111830119 
-166.2 135.0 -6.89064952408 
61.8 -25.8 -4.49422465426 
-79.8 22.2 -5.87401924473 
-77.4 -145.8 -7.46673476035 
-114.6 7.8 -2.96424734796 
17.4 175.8 -6.00246241562 
137.4 -129.0 -8.61841369044 
-76.2 -69.0 -6.42739225859 
136.2 111.0 -4.12942631749 
37.8 1.8 -3.85884476701 
6.6 114.6 -4.51059582059 
166.2 -179.4 -9.13845057169 
-71.4 -1.8 -4.67701705698 
-12.6 99.0 -6.06319627898 
-25.8 159.0 -6.74501258382 
27.0 23.4 -5.06131943862 
174.6 137.4 -7.09025535822 
-47.4 -21.0 -5.37637320595 
161.4 -0.6 -0.725679005263 
-33.0 125.4 -6.30425783751 
-61.8 -59.4 -6.80889229933 
-73.8 -97.8 -6.97125627721 
-169.8 -33.0 -2.77884294506 
-18.6 -99.0 -7.97722220353 
127.8 -1.8 -1.79906138592 
76.2 79.8 -2.99132709265 
12.6 54.6 -6.51127688925 
-3.0 -161.4 -6.60847983471 
99.0 -96.6 -8.45776224589 
16.2 113.4 -4.01289664967 
95.4 -136.2 -7.696500251 
108.6 -174.6 -7.24820881531 
42.6 149.4 -5.05381004423 
48.6 -120.6 -8.11373700468 
-101.4 -59.4 -4.5225234343 
22.2 161.4 -5.35591061904 
119.4 123.0 -3.92090258362 
-178.2 -163.8 -9.43401487781 
88.2 -105.0 -8.42370772971 
42.6 96.6 -3.39900200798 
28.2 -73.8 -8.68430177298 
99.0 169.8 -6.40269723987 
139.8 61.8 -3.48771792999 
45.0 -77.4 -9.09605322586 
-149.4 -28.2 -0.704481679873 
-13.8 -162.6 -6.76279782474 
4.2 -48.6 -6.71387747483 
-78.6 -149.4 -7.49932123365 
-60.6 11.4 -5.48385767619 
-35.4 131.4 -6.43100002162 
108.6 115.8 -3.21356347503 
178.2 106.2 -5.57744995092 
-113.4 99.0 -5.62800429742 
21.0 75.0 -5.58556221234 
-42.6 -159.0 -7.78604035044 
-72.6 -149.4 -7.62607556726 
-179.4 -35.4 -3.82277302331 
-29.4 172.2 -7.16991292996 
-54.6 -126.6 -7.33216568285 
-57.0 -155.4 -7.90698372651 
-90.6 -45.0 -4.23131204895 
-99.0 49.8 -7.01156154729 
-73.8 111.0 -6.69213019288 
61.8 -178.2 -6.84780324728 
174.6 23.4 -2.36047479712 
144.6 172.2 -8.16372075026 
-25.8 11.4 -5.25745708222 
157.8 102.6 -4.90417453736 
87.0 155.4 -5.52416993574 
9.0 -51.0 -6.90890383974 
-111.0 178.2 -7.18414677549 
-25.8 97.8 -6.7520113266 
-25.8 155.4 -6.65990238003 
-29.4 -131.4 -7.05172377976 
-10.2 -84.6 -8.49454444873 
159.0 114.6 -5.33529584968 
61.8 117.0 -3.03664370403 
163.8 -81.0 -8.75823685585 
51.0 -102.6 -8.84653617506 
-18.6 147.0 -6.10305524464 
48.6 -142.2 -7.58968197095 
36.6 53.4 -5.81921591747 
-87.0 -27.0 -3.58857797189 
142.2 -85.8 -8.66398951183 
22.2 100.2 -4.18278326391 
124.2 -87.0 -8.42878376197 
-46.2 -157.8 -7.85193339725 
169.8 -112.2 -9.09516668881 
172.2 -118.2 -9.15334064069 
-157.8 -15.0 -0.099326481503 
118.2 81.0 -2.79592248458 
30.6 118.2 -3.33127518428 
-28.2 -0.6 -4.85082588045 
115.8 -85.8 -8.39366473943 
126.6 -113.4 -8.35141793683 
173.4 -168.6 -9.42456388663 
47.4 -135.0 -7.72506735436 
